1000 2996
1 2 92
1 323 94
1 563 69
1 559 21
1 542 96
1 898 94
2 3 19
2 121 32
2 946 92
2 201 79
3 4 5
4 5 4
4 968 100
4 82 11
5 6 36
5 334 92
5 543 42
6 7 36
6 341 60
6 569 9
7 8 51
7 952 29
8 9 94
8 448 82
9 10 23
9 953 43
9 724 79
9 583 35
9 990 17
9 214 35
10 11 18
10 72 11
10 18 19
10 145 91
11 12 38
11 575 3
11 982 31
11 846 85
12 13 53
13 14 52
13 292 46
14 15 53
14 327 6
14 230 29
15 16 28
16 17 48
16 938 32
17 18 23
17 210 85
17 273 6
17 877 33
17 442 17
18 19 60
18 118 83
18 10 47
19 20 55
19 800 95
20 21 27
20 645 17
20 424 44
21 22 67
21 351 55
21 155 27
22 23 5
22 129 24
22 427 86
22 45 49
23 24 63
23 765 89
23 618 89
23 412 18
23 344 20
24 25 6
24 135 84
25 26 46
25 107 97
26 27 83
26 895 8
26 687 30
26 581 36
26 155 7
26 700 32
27 28 6
27 898 62
27 157 46
28 29 72
28 917 35
28 735 83
29 30 79
29 979 26
29 571 19
29 886 4
30 31 75
30 758 1
30 322 100
30 189 21
31 32 84
31 416 95
32 33 52
32 946 8
32 629 80
32 286 33
32 173 57
33 34 72
33 929 83
34 35 88
34 386 58
35 36 87
35 352 92
36 37 4
36 659 62
36 866 37
36 572 63
36 480 46
37 38 20
37 496 51
37 87 57
38 39 21
38 702 35
39 40 4
40 41 27
40 389 24
40 272 37
40 906 27
40 930 65
41 42 75
41 192 79
42 43 46
43 44 18
43 264 25
43 409 64
43 325 96
43 978 19
44 45 10
44 276 22
44 976 71
44 264 72
45 46 25
45 854 89
45 22 76
46 47 23
46 455 85
46 945 40
46 462 91
46 833 69
47 48 47
47 112 4
47 379 93
48 49 39
48 802 76
48 410 72
49 50 60
49 827 24
49 62 50
50 51 30
50 944 16
50 337 81
51 52 64
51 592 41
51 65 56
51 145 56
51 76 21
51 572 26
52 53 58
52 260 15
53 54 64
53 824 79
54 55 62
54 246 91
54 660 62
55 56 54
55 570 58
55 566 65
56 57 45
56 203 27
57 58 41
57 803 93
58 59 58
59 60 66
59 996 9
60 61 91
60 751 3
60 817 62
61 62 55
61 166 40
61 382 9
61 353 91
62 63 29
62 49 45
62 116 19
63 64 15
63 858 90
63 738 19
63 250 82
64 65 9
64 723 13
65 66 2
65 183 29
65 51 22
65 834 19
66 67 72
67 68 25
68 69 22
69 70 11
70 71 41
70 145 51
70 235 85
71 72 25
72 73 31
72 431 26
72 850 15
72 321 9
72 10 32
73 74 94
73 833 40
74 75 26
74 681 68
75 76 15
75 739 34
75 399 78
76 77 22
76 172 7
76 535 23
76 51 91
77 78 80
78 79 100
78 288 48
78 584 50
79 80 22
79 814 16
79 197 14
79 939 81
79 571 44
79 798 10
80 81 1
81 82 66
82 83 69
82 965 38
82 542 25
82 4 12
83 84 66
84 85 78
84 330 59
84 711 60
84 249 58
84 885 32
84 417 2
85 86 33
85 887 6
85 354 55
86 87 48
86 715 86
86 187 73
87 88 4
87 37 44
87 818 33
88 89 58
88 963 10
88 133 67
88 594 49
89 90 11
89 691 20
89 123 32
90 91 28
90 671 22
91 92 23
91 727 57
92 93 34
92 94 9
93 94 28
93 956 91
93 345 6
94 95 54
94 155 11
94 967 18
94 161 64
94 92 80
94 519 68
95 96 82
96 97 45
96 917 81
97 98 75
98 99 84
98 254 77
98 951 16
98 515 68
98 574 84
99 100 16
99 950 14
99 387 10
100 101 83
100 189 28
100 846 98
100 819 8
101 102 40
101 151 90
102 103 25
102 636 80
102 929 91
102 944 32
102 681 16
103 104 43
103 293 93
103 324 21
104 105 87
105 106 86
105 313 60
106 107 45
106 578 8
107 108 23
107 25 25
107 235 91
108 109 94
108 430 52
109 110 6
110 111 46
110 688 35
111 112 41
112 113 21
112 47 9
112 763 45
113 114 89
113 644 94
113 294 19
113 361 24
114 115 91
114 881 8
114 313 22
115 116 71
115 343 19
116 117 90
116 62 33
117 118 67
117 881 56
118 119 100
118 461 2
118 663 88
118 18 25
119 120 12
119 564 26
120 121 87
120 560 26
120 901 83
120 954 35
120 352 12
120 648 26
121 122 24
121 2 91
121 645 60
121 236 25
121 652 90
122 123 60
122 653 85
122 707 39
123 124 88
123 89 89
124 125 30
124 370 28
124 646 96
125 126 84
125 568 32
126 127 35
126 711 68
126 560 23
127 128 28
127 351 92
128 129 48
128 836 50
128 489 92
129 130 65
129 22 17
130 131 79
131 132 99
131 831 69
132 133 47
132 634 53
132 814 30
133 134 17
133 88 93
134 135 37
135 136 70
135 24 8
135 705 84
136 137 34
137 138 40
137 569 30
137 250 69
138 139 21
139 140 73
139 731 85
139 447 51
139 939 60
139 934 11
140 141 46
140 661 49
141 142 99
141 678 53
142 143 68
142 447 23
142 419 49
142 358 82
143 144 6
143 614 93
143 195 86
143 793 3
143 167 80
143 871 80
144 145 22
144 847 74
144 557 71
144 931 95
145 146 47
145 70 97
145 51 21
145 10 24
146 147 66
147 148 100
147 945 55
147 701 30
147 868 40
148 149 47
149 150 28
150 151 76
150 976 3
151 152 70
151 204 36
151 101 64
152 153 14
152 992 65
153 154 61
153 852 8
154 155 29
154 541 84
154 474 54
154 864 100
154 525 86
154 485 89
155 156 48
155 178 92
155 541 49
155 94 96
155 793 11
155 26 83
155 21 95
156 157 14
157 158 5
157 852 35
157 27 37
158 159 70
158 723 38
158 391 6
158 799 4
159 160 61
159 658 20
159 881 96
159 279 84
160 161 48
160 198 64
160 992 18
161 162 98
161 883 89
161 818 77
161 608 85
161 94 40
162 163 20
162 444 87
163 164 48
164 165 67
164 737 12
165 166 30
165 948 61
165 215 6
165 779 80
166 167 100
166 681 53
166 61 67
166 794 41
166 661 57
166 845 91
167 168 25
167 535 99
167 933 49
167 143 3
168 169 7
168 716 75
169 170 32
169 748 19
169 851 41
169 674 21
170 171 22
170 587 78
171 172 52
171 584 61
172 173 59
172 76 38
173 174 30
173 565 45
173 404 99
173 32 39
173 691 44
173 568 80
174 175 99
174 726 50
174 747 100
174 282 86
174 502 10
175 176 26
175 391 91
176 177 39
176 780 60
176 502 6
177 178 77
178 179 75
178 155 95
178 682 81
178 451 8
179 180 20
179 332 11
180 181 66
180 556 89
180 652 92
180 469 21
181 182 88
181 806 68
181 644 70
181 420 11
181 438 35
181 991 71
182 183 30
182 681 10
182 605 33
183 184 73
183 65 11
183 826 27
184 185 45
184 529 26
184 346 84
184 692 86
184 784 48
185 186 23
185 683 14
185 639 6
185 353 38
186 187 15
186 289 75
186 991 13
186 588 99
187 188 92
187 254 54
187 86 9
187 453 91
188 189 76
188 470 93
188 242 55
189 190 22
189 100 100
189 199 5
189 628 65
189 30 52
189 953 36
189 596 10
190 191 95
191 192 86
191 707 67
192 193 12
192 41 29
192 893 19
193 194 62
193 402 49
194 195 7
194 761 17
194 326 66
195 196 83
195 890 76
195 143 38
196 197 68
196 472 60
197 198 22
197 79 64
197 399 46
197 482 2
197 595 55
198 199 33
198 668 21
198 323 79
198 160 95
199 200 100
199 189 77
199 642 45
200 201 3
200 657 9
201 202 35
201 247 74
201 933 4
201 751 49
201 2 65
201 251 67
202 203 67
202 832 15
203 204 41
203 926 22
203 682 5
203 56 60
204 205 67
204 151 82
204 851 74
205 206 19
205 276 37
206 207 77
207 208 24
207 369 3
207 946 10
208 209 8
208 740 5
208 714 72
208 700 37
209 210 20
209 494 14
210 211 73
210 17 28
210 516 25
210 897 18
211 212 4
211 295 38
211 712 44
211 358 37
212 213 53
212 478 75
213 214 69
213 285 13
214 215 87
214 9 85
214 427 99
215 216 49
215 551 98
215 165 81
215 995 43
216 217 71
217 218 35
217 695 23
217 741 13
218 219 6
219 220 31
219 822 28
219 399 66
219 329 96
219 770 46
220 221 80
220 228 64
221 222 94
222 223 44
222 475 71
222 579 75
223 224 85
223 317 9
223 494 71
223 503 31
224 225 38
224 621 48
224 318 4
225 226 30
225 514 88
225 870 25
225 980 76
226 227 55
227 228 76
228 229 33
228 220 99
228 913 56
228 989 11
229 230 57
230 231 32
230 14 83
230 923 41
231 232 70
232 233 17
232 979 57
233 234 54
233 472 53
234 235 10
234 586 63
234 831 1
234 970 70
235 236 50
235 107 9
235 70 82
236 237 34
236 540 55
236 121 11
236 601 99
237 238 86
237 245 46
237 531 13
238 239 13
238 481 85
239 240 88
239 400 78
239 528 82
240 241 62
240 603 76
240 999 80
241 242 9
241 725 82
241 523 26
241 969 13
241 759 52
242 243 16
242 477 64
242 188 31
243 244 45
243 378 9
244 245 6
244 294 28
245 246 82
245 237 53
245 463 49
246 247 34
246 54 94
246 590 30
247 248 61
247 810 89
247 201 55
248 249 31
248 566 25
248 921 97
248 987 45
249 250 50
249 84 37
249 855 55
250 251 66
250 63 20
250 137 53
251 252 64
251 295 90
251 201 24
252 253 24
252 956 83
252 469 11
253 254 93
253 496 2
253 441 10
254 255 28
254 98 25
254 187 53
254 818 57
255 256 2
255 944 71
255 791 76
256 257 56
256 985 88
256 979 65
257 258 39
257 415 41
258 259 83
258 844 54
258 922 25
258 830 68
259 260 85
259 633 61
259 360 55
260 261 43
260 562 97
260 771 12
260 52 80
260 662 85
260 790 85
260 503 6
261 262 12
261 612 91
261 519 45
262 263 79
262 349 96
263 264 63
263 345 10
263 524 98
264 265 57
264 43 19
264 738 27
264 44 43
265 266 68
265 871 1
265 418 38
266 267 64
266 568 78
266 865 82
266 276 68
267 268 47
268 269 71
268 731 45
269 270 79
269 434 30
269 747 4
270 271 34
270 464 70
270 389 9
271 272 37
271 909 84
271 596 73
272 273 91
272 40 24
272 277 19
272 958 33
273 274 4
273 17 57
273 941 69
274 275 78
275 276 73
276 277 96
276 769 43
276 44 10
276 266 40
276 205 40
277 278 68
277 437 22
277 491 24
277 272 57
278 279 91
279 280 57
279 555 72
279 159 92
280 281 45
280 327 23
281 282 16
281 583 50
282 283 11
282 638 57
282 174 3
282 959 85
282 865 92
283 284 61
283 456 31
283 820 15
284 285 38
284 920 60
284 293 2
285 286 9
285 213 58
286 287 65
286 32 70
287 288 29
288 289 25
288 78 91
288 685 78
288 946 25
289 290 31
289 186 66
289 629 17
289 597 79
289 301 68
290 291 80
290 640 100
291 292 7
291 995 43
291 308 79
291 948 6
292 293 52
292 493 6
292 13 67
293 294 60
293 103 39
293 585 1
293 284 14
294 295 44
294 113 46
294 244 2
295 296 32
295 211 80
295 404 72
295 738 11
295 251 64
296 297 76
296 810 76
296 541 87
296 623 72
297 298 80
297 314 11
298 299 37
299 300 29
299 626 7
300 301 96
300 658 36
301 302 5
301 636 67
301 289 2
302 303 40
302 420 40
302 564 63
302 850 25
302 585 95
303 304 23
303 584 22
304 305 29
304 366 76
304 399 6
305 306 95
305 965 46
305 422 66
306 307 93
307 308 70
307 490 86
308 309 93
308 291 72
309 310 33
309 724 19
309 921 94
310 311 42
310 990 59
311 312 38
311 506 72
312 313 2
312 359 11
312 553 74
312 469 91
313 314 22
313 911 1
313 105 96
313 114 74
314 315 65
314 358 77
314 297 43
314 541 35
315 316 39
315 920 53
315 906 75
315 816 69
316 317 38
317 318 56
317 223 40
317 632 7
317 516 69
317 676 68
317 749 56
317 408 68
318 319 74
318 975 37
318 424 2
318 224 80
318 508 49
319 320 79
319 341 26
320 321 30
320 464 56
321 322 53
321 465 76
321 72 31
322 323 94
322 30 81
322 407 73
323 324 33
323 1 68
323 198 52
323 328 63
323 899 17
324 325 55
324 572 62
324 987 82
324 103 52
325 326 80
325 719 32
325 43 76
325 865 91
326 327 19
326 194 100
327 328 61
327 14 45
327 280 21
328 329 58
328 323 94
329 330 28
329 219 44
329 415 56
330 331 77
330 527 31
330 84 45
331 332 98
331 554 68
331 495 36
332 333 11
332 617 72
332 512 34
332 179 39
332 587 29
333 334 44
334 335 15
334 5 25
335 336 88
336 337 21
336 811 4
336 982 12
337 338 35
337 765 25
337 873 51
337 50 70
338 339 91
338 623 34
338 374 68
339 340 13
339 547 76
340 341 39
340 422 6
340 974 73
340 758 47
341 342 82
341 6 14
341 319 21
342 343 28
342 941 47
342 763 2
342 936 28
343 344 67
343 115 69
344 345 85
344 23 85
344 541 84
345 346 94
345 93 84
345 263 35
346 347 67
346 184 21
346 490 65
347 348 8
347 751 33
347 494 58
347 926 11
347 540 23
348 349 39
348 543 35
349 350 21
349 563 84
349 262 39
349 378 82
350 351 47
351 352 71
351 127 91
351 21 20
352 353 92
352 120 26
352 645 92
352 35 39
353 354 3
353 403 91
353 469 42
353 61 33
353 185 63
354 355 65
354 577 51
354 85 99
355 356 83
356 357 4
356 838 9
356 804 77
356 955 57
357 358 6
357 677 64
357 537 9
358 359 30
358 314 59
358 873 72
358 142 54
358 211 27
359 360 24
359 312 34
359 944 48
360 361 38
360 514 47
360 915 91
360 259 93
361 362 10
361 611 23
361 113 57
362 363 76
363 364 19
363 370 60
363 453 99
363 929 64
363 812 5
363 753 87
364 365 59
364 842 52
365 366 39
365 545 72
366 367 15
366 304 98
367 368 14
367 971 55
368 369 57
368 903 37
369 370 84
369 207 7
369 389 82
369 945 4
370 371 10
370 363 74
370 965 42
370 465 27
370 124 46
370 411 27
371 372 74
371 912 55
372 373 95
372 374 4
372 927 54
372 741 35
373 374 98
373 698 57
373 654 86
373 497 84
374 375 17
374 962 34
374 372 13
374 338 25
375 376 96
375 395 90
375 760 60
376 377 25
376 722 21
377 378 36
377 933 27
377 552 68
378 379 37
378 468 77
378 736 66
378 243 28
378 349 18
379 380 98
379 776 51
379 47 96
380 381 16
380 620 44
381 382 12
381 522 40
382 383 42
382 922 35
382 483 57
382 773 8
382 61 72
382 486 5
383 384 19
384 385 68
384 878 42
384 837 4
385 386 47
386 387 14
386 996 40
386 34 24
387 388 7
387 722 14
387 99 81
388 389 45
389 390 88
389 40 1
389 270 51
389 369 96
390 391 99
390 801 34
390 873 69
391 392 24
391 761 32
391 158 56
391 973 2
391 175 66
392 393 4
393 394 11
393 818 27
393 977 13
394 395 30
394 851 62
394 914 78
395 396 83
395 375 88
395 534 39
396 397 97
396 993 52
397 398 10
397 683 98
398 399 96
399 400 41
399 197 53
399 219 63
399 75 23
399 304 17
399 943 79
400 401 94
400 239 50
401 402 64
401 907 96
401 829 21
402 403 40
402 565 23
402 193 17
402 625 67
403 404 95
403 353 95
404 405 56
404 295 48
404 173 6
405 406 52
405 591 32
406 407 48
407 408 62
407 538 43
407 322 46
408 409 30
408 979 93
408 990 98
408 317 56
408 966 58
409 410 82
409 43 10
409 562 29
410 411 68
410 48 41
410 743 76
411 412 55
411 370 32
412 413 45
412 631 61
412 23 84
412 749 89
413 414 76
414 415 25
415 416 76
415 735 71
415 587 45
415 329 83
415 609 74
415 257 1
416 417 26
416 31 38
416 640 95
417 418 24
417 450 27
417 84 15
418 419 24
418 265 72
419 420 67
419 142 94
419 991 23
420 421 63
420 649 60
420 181 45
420 302 60
420 805 9
420 597 18
421 422 92
421 965 49
422 423 32
422 828 47
422 340 27
422 516 38
422 305 13
423 424 67
424 425 21
424 318 72
424 20 25
425 426 55
425 480 3
426 427 5
426 815 84
426 458 38
427 428 49
427 827 7
427 22 44
427 214 9
428 429 84
429 430 59
430 431 43
430 590 31
430 108 91
431 432 93
431 72 21
431 958 34
432 433 9
432 977 82
433 434 30
434 435 75
434 269 94
435 436 28
435 907 34
436 437 74
437 438 65
437 277 84
438 439 51
438 181 84
438 453 30
438 925 34
438 762 52
439 440 92
440 441 11
440 593 71
440 727 93
441 442 57
441 253 85
442 443 94
442 17 95
442 846 16
443 444 61
444 445 23
444 680 20
444 162 74
444 928 45
444 825 34
445 446 11
445 542 37
445 559 57
446 447 66
446 679 86
446 560 1
447 448 70
447 142 73
447 139 78
447 552 33
447 867 52
448 449 49
448 906 4
448 8 47
449 450 53
450 451 76
450 846 63
450 417 9
451 452 81
451 985 23
451 178 20
452 453 82
453 454 81
453 363 36
453 438 89
453 691 28
453 187 71
454 455 23
454 727 31
455 456 6
455 785 27
455 546 90
455 46 4
455 470 26
455 732 49
455 981 43
456 457 23
456 283 60
456 727 91
457 458 45
457 995 72
458 459 45
458 426 31
459 460 64
459 650 42
460 461 46
461 462 13
461 118 5
462 463 55
462 46 85
463 464 34
463 245 95
463 939 36
463 668 45
464 465 85
464 270 90
464 534 39
464 320 41
465 466 54
465 321 91
465 370 93
465 994 16
465 821 58
465 625 28
465 544 59
466 467 42
466 605 67
466 597 52
467 468 65
467 719 67
468 469 80
468 378 48
468 895 21
469 470 67
469 992 10
469 618 77
469 312 20
469 353 9
469 180 6
469 628 79
469 252 14
470 471 92
470 921 65
470 188 79
470 455 20
470 950 55
471 472 62
471 874 95
472 473 30
472 233 77
472 196 60
473 474 8
473 957 88
474 475 72
474 530 23
474 154 28
474 693 37
475 476 81
475 222 43
476 477 72
476 800 99
477 478 10
477 566 31
477 875 5
477 242 71
478 479 37
478 572 30
478 212 57
478 652 93
479 480 7
479 571 28
479 933 33
480 481 21
480 953 18
480 425 93
480 36 79
480 929 84
481 482 9
481 641 92
481 238 87
482 483 92
482 197 43
482 771 19
482 924 47
483 484 18
483 382 67
484 485 4
484 758 90
485 486 25
485 763 36
485 154 75
486 487 67
486 971 31
486 798 54
486 382 68
487 488 82
487 733 4
488 489 8
488 729 22
489 490 25
489 128 14
490 491 12
490 607 69
490 307 21
490 595 87
490 346 62
491 492 93
491 564 41
491 277 79
491 656 95
492 493 92
492 782 48
493 494 27
493 292 94
494 495 95
494 347 31
494 209 4
494 223 39
495 496 48
495 831 6
495 331 24
496 497 94
496 253 5
496 37 36
496 875 52
497 498 84
497 373 10
498 499 89
498 630 43
499 500 67
500 501 23
500 851 77
501 502 43
501 554 74
501 701 70
502 503 16
502 176 65
502 174 2
503 504 58
503 784 40
503 223 73
503 260 97
504 505 49
504 538 17
505 506 32
505 668 36
505 794 33
506 507 31
506 542 93
506 311 69
506 869 30
507 508 87
507 674 97
508 509 46
508 545 28
508 318 49
509 510 26
510 511 81
510 952 4
510 975 30
511 512 41
511 924 10
512 513 79
512 831 96
512 332 90
512 717 62
513 514 51
513 588 95
513 744 29
513 706 20
514 515 62
514 225 1
514 360 52
514 541 87
514 890 45
514 644 96
515 516 60
515 883 25
515 731 86
515 98 50
516 517 28
516 317 30
516 210 60
516 577 58
516 422 81
517 518 46
518 519 32
518 633 10
519 520 47
519 841 51
519 94 37
519 261 54
520 521 80
521 522 92
522 523 31
522 683 66
522 381 12
523 524 36
523 241 27
523 775 19
523 544 42
524 525 73
524 905 69
524 590 73
524 263 93
525 526 95
525 1000 86
525 154 37
526 527 68
526 592 53
527 528 18
527 706 64
527 330 13
528 529 50
528 239 36
528 885 54
528 912 76
529 530 26
529 184 44
529 850 83
529 887 20
530 531 39
530 474 56
530 658 82
531 532 40
531 237 1
532 533 64
532 871 17
533 534 38
533 996 3
534 535 36
534 551 63
534 464 24
534 395 75
535 536 32
535 76 89
535 167 96
536 537 23
536 733 35
537 538 90
537 357 18
538 539 40
538 407 57
538 504 22
539 540 81
539 925 98
540 541 11
540 887 67
540 236 12
540 347 17
541 542 77
541 155 54
541 296 98
541 154 65
541 344 73
541 514 78
541 314 77
542 543 18
542 580 79
542 445 46
542 506 52
542 82 82
542 1 39
543 544 81
543 348 64
543 5 18
543 601 49
544 545 39
544 465 40
544 523 82
545 546 69
545 365 22
545 635 15
545 508 81
545 603 23
546 547 65
546 455 74
547 548 35
547 339 43
548 549 53
548 559 35
549 550 13
550 551 58
550 673 84
550 944 8
551 552 53
551 215 37
551 534 60
551 719 55
551 570 78
552 553 35
552 447 5
552 377 60
553 554 11
553 312 52
554 555 51
554 600 95
554 501 91
554 331 86
555 556 32
555 279 90
555 884 9
555 968 64
556 557 73
556 180 31
556 909 69
557 558 11
557 868 48
557 144 54
558 559 6
559 560 23
559 1 14
559 548 45
559 782 36
559 895 66
559 445 40
560 561 5
560 608 74
560 120 97
560 446 13
560 126 34
561 562 68
561 924 20
562 563 92
562 260 95
562 409 86
562 832 6
563 564 13
563 1 92
563 915 21
563 349 10
564 565 85
564 491 59
564 999 89
564 119 100
564 302 71
565 566 75
565 173 92
565 688 52
565 402 7
565 917 99
566 567 63
566 477 45
566 248 46
566 667 29
566 55 86
566 984 47
566 850 32
567 568 74
568 569 47
568 266 86
568 125 8
568 173 63
569 570 81
569 833 75
569 6 66
569 137 97
570 571 41
570 949 100
570 55 14
570 551 39
571 572 22
571 479 61
571 653 22
571 79 35
571 29 22
572 573 82
572 324 90
572 36 23
572 478 12
572 51 9
573 574 55
574 575 39
574 981 23
574 962 35
574 98 28
575 576 18
575 11 6
575 870 74
575 639 81
576 577 21
576 659 30
577 578 97
577 516 62
577 354 98
578 579 18
578 106 39
579 580 55
579 625 8
579 222 97
579 997 23
580 581 44
580 542 8
581 582 47
581 26 49
581 677 88
582 583 97
583 584 76
583 281 2
583 9 14
584 585 34
584 303 23
584 78 91
584 171 92
584 828 8
585 586 81
585 293 38
585 302 42
586 587 65
586 234 91
587 588 21
587 332 10
587 415 53
587 170 48
587 778 49
588 589 3
588 513 37
588 186 95
589 590 26
590 591 15
590 430 22
590 246 6
590 743 28
590 524 91
591 592 24
591 405 28
592 593 65
592 848 55
592 784 28
592 600 15
592 51 67
592 526 5
593 594 22
593 986 58
593 440 17
594 595 2
594 88 27
594 911 18
595 596 49
595 490 30
595 197 30
596 597 96
596 926 54
596 686 14
596 189 48
596 271 71
597 598 19
597 289 34
597 420 2
597 466 28
598 599 5
599 600 82
599 807 4
600 601 52
600 592 42
600 554 19
601 602 1
601 631 13
601 543 85
601 236 59
602 603 64
603 604 38
603 240 17
603 545 35
604 605 60
604 635 7
605 606 46
605 875 11
605 466 10
605 613 89
605 182 39
606 607 63
606 871 35
606 783 19
606 936 94
607 608 56
607 490 81
608 609 7
608 560 48
608 161 33
608 859 63
609 610 66
609 805 13
609 415 47
610 611 15
610 724 69
610 873 91
610 981 12
611 612 11
611 361 93
611 919 14
611 766 94
612 613 54
612 261 37
612 716 24
613 614 80
613 605 98
613 911 70
613 740 32
614 615 52
614 143 46
615 616 21
615 793 74
616 617 45
616 863 58
617 618 81
617 332 1
618 619 59
618 23 52
618 469 39
619 620 83
619 639 36
620 621 41
620 380 81
620 814 81
620 981 12
620 796 9
621 622 63
621 761 37
621 224 59
622 623 84
622 912 37
623 624 97
623 296 64
623 338 58
623 814 59
624 625 34
624 926 45
625 626 41
625 579 94
625 465 39
625 402 37
626 627 47
626 299 23
627 628 45
627 933 11
628 629 84
628 189 42
628 469 54
629 630 63
629 289 88
629 32 38
630 631 30
630 685 54
630 498 4
630 743 53
631 632 88
631 412 20
631 601 57
632 633 29
632 317 64
633 634 9
633 259 46
633 518 21
633 642 18
634 635 45
634 880 32
634 132 73
634 642 61
635 636 50
635 545 85
635 604 31
635 660 79
636 637 50
636 301 59
636 102 86
637 638 81
637 869 19
638 639 79
638 282 77
639 640 82
639 786 88
639 619 31
639 185 3
639 690 60
639 575 14
640 641 37
640 416 25
640 290 35
641 642 65
641 481 42
641 709 9
642 643 15
642 633 41
642 634 10
642 199 34
643 644 83
643 915 57
644 645 9
644 181 74
644 113 51
644 514 34
645 646 50
645 121 67
645 20 13
645 879 23
645 352 1
646 647 30
646 124 76
647 648 98
648 649 22
648 942 85
648 695 34
648 120 13
649 650 46
649 420 8
650 651 98
650 459 72
650 833 76
650 861 4
651 652 16
651 827 72
652 653 64
652 180 1
652 957 4
652 121 99
652 478 35
653 654 34
653 571 28
653 122 60
654 655 86
654 373 72
655 656 95
655 782 58
656 657 70
656 491 53
657 658 36
657 200 35
658 659 40
658 159 48
658 530 86
658 300 33
659 660 95
659 36 56
659 576 92
660 661 2
660 54 37
660 635 76
661 662 1
661 140 58
661 951 83
661 166 73
662 663 36
662 719 3
662 260 73
663 664 56
663 118 89
664 665 89
665 666 51
666 667 59
667 668 98
667 566 23
667 770 88
668 669 84
668 198 64
668 463 39
668 505 56
669 670 8
669 927 22
670 671 99
671 672 91
671 90 68
671 765 79
672 673 95
673 674 47
673 550 91
674 675 85
674 954 3
674 949 8
674 507 87
674 169 57
674 752 3
675 676 22
676 677 57
676 317 67
676 807 34
677 678 70
677 357 56
677 838 23
677 581 6
678 679 58
678 940 61
678 141 93
679 680 38
679 446 87
679 832 17
680 681 18
680 444 63
681 682 17
681 182 37
681 166 45
681 74 41
681 102 92
682 683 63
682 963 57
682 178 49
682 203 71
682 947 51
683 684 20
683 185 5
683 397 4
683 522 52
683 853 25
684 685 100
685 686 66
685 288 73
685 630 72
686 687 15
686 596 23
687 688 97
687 26 38
688 689 32
688 842 38
688 110 18
688 565 82
689 690 71
690 691 94
690 639 36
690 707 51
691 692 7
691 453 21
691 89 8
691 173 73
692 693 74
692 184 31
692 828 17
693 694 10
693 943 86
693 474 6
694 695 22
695 696 52
695 852 82
695 217 98
695 648 15
696 697 25
696 766 95
697 698 76
697 953 5
698 699 77
698 870 42
698 373 41
699 700 59
700 701 74
700 856 23
700 26 74
700 208 12
701 702 71
701 147 27
701 501 41
702 703 61
702 38 5
703 704 43
704 705 10
704 768 78
705 706 78
705 135 81
706 707 38
706 527 58
706 513 51
707 708 51
707 191 100
707 122 6
707 690 11
708 709 50
709 710 39
709 641 62
710 711 96
710 857 84
711 712 96
711 84 45
711 126 64
712 713 27
712 211 35
713 714 84
714 715 87
714 208 22
715 716 47
715 86 22
716 717 76
716 168 5
716 815 80
716 612 26
717 718 84
717 512 44
718 719 19
718 883 7
719 720 98
719 662 74
719 551 85
719 325 84
719 467 76
720 721 37
720 939 41
720 952 61
721 722 52
721 779 15
722 723 61
722 868 95
722 387 9
722 376 53
722 787 33
723 724 61
723 158 62
723 727 13
723 759 94
723 64 63
723 976 60
724 725 41
724 610 42
724 9 39
724 841 41
724 309 95
725 726 73
725 241 16
725 820 22
726 727 26
726 955 31
726 174 10
727 728 15
727 454 90
727 723 34
727 440 94
727 456 19
727 91 82
728 729 59
729 730 55
729 883 59
729 488 58
730 731 40
731 732 26
731 139 66
731 515 90
731 268 63
732 733 28
732 455 62
733 734 78
733 487 66
733 536 58
734 735 90
735 736 12
735 415 94
735 28 94
736 737 64
736 378 95
737 738 98
737 164 50
738 739 57
738 264 39
738 63 21
738 295 76
739 740 77
739 955 84
739 75 86
739 985 86
740 741 31
740 208 1
740 613 21
741 742 78
741 217 94
741 837 62
741 372 61
742 743 76
743 744 98
743 590 78
743 630 6
743 410 92
744 745 18
744 987 72
744 513 6
744 830 90
745 746 12
746 747 26
747 748 94
747 269 22
747 766 13
747 174 74
748 749 1
748 169 54
749 750 26
749 317 76
749 412 27
750 751 65
751 752 44
751 347 81
751 787 98
751 60 29
751 201 22
752 753 18
752 674 21
752 879 30
753 754 97
753 363 5
754 755 64
755 756 98
756 757 77
756 973 82
757 758 90
758 759 65
758 30 90
758 484 37
758 340 69
759 760 98
759 723 55
759 241 93
760 761 62
760 375 70
761 762 66
761 194 58
761 391 55
761 621 58
762 763 53
762 438 92
763 764 37
763 485 58
763 342 24
763 112 87
763 909 36
764 765 53
765 766 35
765 23 17
765 337 24
765 671 48
766 767 48
766 696 55
766 747 80
766 933 3
766 611 90
767 768 73
768 769 84
768 704 49
768 958 67
768 909 56
769 770 37
769 276 34
770 771 74
770 667 17
770 219 86
770 792 84
771 772 47
771 482 52
771 260 25
771 798 79
772 773 47
773 774 35
773 382 96
774 775 69
775 776 70
775 979 23
775 523 60
776 777 11
776 379 86
777 778 36
777 927 20
778 779 38
778 924 61
778 587 14
779 780 18
779 721 88
779 165 48
780 781 48
780 176 78
780 859 48
781 782 11
781 993 77
782 783 70
782 492 86
782 559 5
782 946 83
782 655 33
783 784 40
783 804 27
783 606 78
784 785 57
784 592 14
784 503 27
784 184 13
785 786 39
785 455 94
786 787 20
786 639 60
787 788 24
787 751 76
787 722 81
787 910 63
788 789 4
789 790 21
790 791 56
790 260 18
791 792 9
791 255 22
792 793 75
792 948 17
792 980 94
792 770 74
793 794 21
793 155 3
793 615 36
793 943 2
793 143 66
794 795 70
794 166 41
794 811 79
794 505 31
794 962 4
795 796 21
796 797 7
796 620 26
797 798 58
798 799 25
798 771 38
798 486 99
798 79 62
799 800 35
799 158 19
800 801 45
800 19 73
800 476 58
801 802 84
801 390 22
802 803 52
802 48 84
802 886 22
803 804 99
803 57 96
804 805 56
804 969 63
804 783 90
804 961 2
804 356 62
805 806 38
805 609 43
805 420 44
806 807 48
806 181 7
807 808 57
807 599 51
807 676 100
808 809 60
809 810 58
810 811 65
810 296 89
810 247 13
811 812 93
811 821 48
811 336 28
811 794 48
811 988 1
812 813 82
812 363 88
813 814 45
814 815 65
814 79 32
814 620 98
814 132 76
814 623 77
815 816 11
815 426 80
815 716 11
816 817 55
816 315 42
817 818 73
817 859 68
817 60 62
818 819 42
818 393 38
818 161 63
818 87 49
818 254 59
819 820 28
819 100 87
820 821 44
820 283 46
820 956 49
820 725 27
821 822 98
821 811 4
821 465 93
822 823 2
822 219 98
823 824 19
824 825 30
824 53 97
824 847 2
825 826 10
825 444 29
826 827 20
826 183 72
827 828 85
827 49 61
827 427 47
827 651 90
828 829 18
828 422 100
828 692 52
828 584 11
829 830 60
829 889 35
829 401 91
830 831 53
830 258 20
830 744 88
831 832 68
831 234 50
831 131 90
831 512 88
831 495 7
832 833 76
832 679 42
832 202 62
832 562 80
833 834 32
833 569 41
833 73 20
833 650 7
833 46 98
833 961 92
834 835 71
834 65 5
834 838 57
835 836 7
835 918 90
835 993 50
836 837 58
836 128 80
837 838 36
837 384 6
837 741 92
838 839 20
838 356 14
838 979 94
838 996 38
838 677 75
838 834 16
839 840 97
840 841 45
840 909 67
841 842 62
841 724 28
841 519 94
842 843 73
842 688 64
842 364 68
843 844 69
844 845 2
844 258 93
845 846 14
845 166 5
846 847 99
846 100 81
846 450 62
846 936 93
846 11 6
846 442 94
847 848 60
847 824 41
847 144 30
848 849 72
848 592 21
849 850 93
850 851 93
850 529 66
850 72 9
850 566 52
850 984 93
850 302 94
851 852 97
851 394 29
851 500 8
851 169 90
851 905 93
851 204 7
852 853 60
852 157 17
852 889 6
852 695 79
852 153 56
853 854 25
853 683 54
854 855 74
854 45 47
855 856 98
855 249 1
856 857 71
856 700 60
857 858 28
857 955 60
857 710 6
858 859 70
858 63 61
859 860 20
859 875 65
859 780 61
859 817 85
859 608 4
860 861 32
861 862 31
861 650 84
862 863 93
862 967 26
862 925 92
863 864 41
863 923 70
863 975 22
863 616 78
864 865 53
864 154 30
864 898 65
865 866 13
865 266 7
865 325 48
865 282 1
866 867 97
866 36 15
867 868 29
867 447 35
868 869 23
868 722 49
868 557 1
868 909 32
868 147 7
869 870 15
869 637 21
869 506 100
870 871 26
870 698 69
870 225 53
870 575 10
871 872 41
871 606 21
871 265 79
871 143 55
871 532 55
872 873 65
873 874 19
873 610 44
873 358 41
873 337 24
873 390 61
874 875 94
874 471 21
875 876 6
875 605 44
875 859 24
875 496 39
875 477 26
876 877 46
877 878 77
877 17 3
878 879 84
878 384 1
879 880 89
879 996 40
879 752 66
879 645 9
880 881 43
880 634 91
881 882 84
881 117 13
881 114 6
881 159 83
882 883 19
883 884 80
883 161 88
883 729 70
883 718 18
883 515 69
884 885 49
884 555 33
885 886 58
885 84 10
885 528 96
886 887 17
886 29 44
886 802 21
887 888 96
887 540 78
887 85 89
887 529 97
888 889 81
889 890 31
889 829 74
889 852 27
890 891 42
890 961 47
890 514 46
890 195 79
891 892 55
892 893 30
893 894 65
893 192 73
894 895 85
895 896 36
895 26 88
895 559 79
895 468 76
896 897 51
897 898 57
897 210 77
898 899 89
898 27 85
898 1 1
898 864 31
899 900 89
899 323 88
900 901 90
901 902 66
901 120 33
902 903 77
903 904 66
903 368 15
903 991 47
904 905 60
904 920 30
905 906 35
905 851 40
905 524 29
906 907 98
906 315 61
906 40 26
906 448 68
907 908 38
907 401 41
907 435 3
908 909 70
909 910 65
909 840 12
909 271 88
909 763 89
909 556 76
909 868 27
909 768 30
910 911 20
910 787 20
910 912 15
911 912 49
911 313 71
911 924 35
911 613 95
911 594 26
912 913 87
912 371 3
912 622 22
912 528 23
912 910 79
913 914 86
913 228 18
913 949 65
913 926 2
914 915 14
914 394 54
914 986 63
915 916 43
915 563 40
915 360 81
915 643 16
916 917 3
917 918 41
917 28 39
917 96 54
917 565 19
918 919 59
918 835 68
919 920 57
919 611 37
920 921 42
920 315 49
920 904 43
920 284 93
920 945 7
921 922 38
921 470 78
921 248 19
921 309 8
922 923 58
922 382 65
922 258 70
923 924 69
923 863 58
923 230 9
924 925 78
924 778 95
924 511 65
924 561 28
924 482 38
924 911 72
924 959 42
925 926 63
925 539 13
925 438 77
925 862 19
926 927 48
926 203 53
926 913 16
926 596 5
926 347 7
926 624 52
927 928 76
927 372 47
927 777 17
927 669 47
928 929 84
928 444 70
929 930 89
929 935 11
929 33 4
929 363 57
929 102 40
929 480 12
930 931 21
930 40 30
931 932 70
931 144 93
932 933 45
933 934 94
933 377 38
933 766 6
933 201 87
933 167 82
933 627 74
933 479 78
934 935 47
934 139 23
935 936 89
935 929 83
936 937 36
936 846 3
936 342 35
936 606 87
937 938 14
938 939 93
938 16 73
939 940 1
939 79 78
939 720 32
939 463 61
939 139 56
940 941 47
940 678 96
941 942 8
941 342 64
941 273 20
942 943 83
942 648 53
943 944 19
943 693 7
943 793 92
943 399 97
944 945 20
944 255 16
944 50 93
944 102 50
944 359 46
944 550 87
945 946 13
945 147 35
945 46 91
945 369 65
945 920 27
946 947 51
946 32 33
946 288 45
946 2 27
946 782 26
946 207 31
947 948 1
947 682 21
947 976 71
948 949 96
948 792 30
948 165 99
948 291 96
949 950 5
949 570 85
949 913 25
949 674 19
950 951 41
950 99 28
950 984 14
950 470 79
951 952 24
951 98 89
951 661 8
952 953 96
952 974 79
952 7 69
952 510 31
952 720 10
953 954 89
953 480 100
953 9 52
953 697 39
953 189 56
954 955 64
954 674 88
954 120 47
955 956 55
955 739 67
955 726 79
955 857 51
955 990 58
955 356 68
956 957 64
956 252 56
956 93 12
956 820 95
956 968 58
957 958 99
957 652 79
957 473 7
958 959 27
958 431 40
958 272 42
958 768 15
959 960 71
959 924 96
959 282 18
960 961 74
961 962 31
961 890 61
961 804 55
961 833 76
962 963 71
962 374 57
962 574 24
962 794 2
963 964 53
963 88 33
963 682 99
963 986 96
964 965 43
965 966 29
965 370 31
965 305 11
965 421 92
965 82 38
966 967 82
966 408 87
967 968 18
967 862 73
967 94 28
968 969 52
968 4 1
968 555 89
968 956 15
969 970 95
969 804 55
969 990 43
969 241 60
970 971 10
970 234 35
971 972 93
971 367 45
971 486 61
972 973 57
973 974 13
973 756 67
973 391 32
974 975 28
974 952 81
974 340 33
975 976 12
975 318 86
975 863 90
975 510 39
976 977 37
976 44 58
976 947 4
976 723 40
976 150 90
977 978 58
977 393 14
977 432 51
978 979 77
978 43 43
979 980 51
979 29 30
979 408 6
979 838 46
979 775 77
979 256 62
979 232 78
980 981 5
980 792 5
980 225 42
981 982 25
981 574 49
981 620 89
981 610 32
981 455 23
982 983 4
982 11 25
982 336 93
983 984 82
984 985 18
984 950 52
984 566 53
984 850 94
985 986 74
985 256 4
985 739 55
985 451 54
986 987 73
986 593 65
986 963 53
986 914 87
987 988 32
987 324 77
987 744 98
987 248 10
988 989 36
988 811 56
989 990 68
989 228 55
990 991 80
990 969 11
990 408 64
990 955 90
990 310 36
990 9 85
991 992 37
991 186 9
991 419 50
991 181 31
991 903 85
992 993 45
992 469 65
992 152 16
992 160 44
993 994 99
993 781 7
993 396 51
993 835 84
994 995 79
994 465 73
995 996 81
995 291 4
995 215 30
995 457 36
996 997 45
996 386 50
996 879 67
996 59 94
996 533 91
996 838 29
996 998 74
997 998 68
997 579 6
998 999 86
998 996 95
999 1000 63
999 240 50
999 564 81
1000 1 95
1000 525 58
