900 1740
1 2 27
1 31 75
2 3 76
2 32 42
31 32 96
31 61 67
3 4 20
3 33 60
32 33 3
32 62 23
4 5 2
4 34 42
33 34 99
33 63 1
5 6 46
5 35 66
34 35 53
34 64 99
6 7 54
6 36 43
35 36 81
35 65 53
7 8 59
7 37 13
36 37 10
36 66 13
8 9 81
8 38 97
37 38 49
37 67 92
9 10 14
9 39 87
38 39 86
38 68 51
10 11 20
10 40 52
39 40 75
39 69 18
11 12 16
11 41 57
40 41 93
40 70 45
12 13 15
12 42 52
41 42 10
41 71 92
13 14 42
13 43 41
42 43 32
42 72 40
14 15 56
14 44 89
43 44 90
43 73 4
15 16 42
15 45 28
44 45 70
44 74 71
16 17 12
16 46 45
45 46 17
45 75 63
17 18 21
17 47 1
46 47 44
46 76 58
18 19 40
18 48 48
47 48 84
47 77 91
19 20 35
19 49 67
48 49 47
48 78 9
20 21 13
20 50 74
49 50 81
49 79 57
21 22 23
21 51 46
50 51 75
50 80 43
22 23 35
22 52 5
51 52 25
51 81 17
23 24 57
23 53 36
52 53 65
52 82 61
24 25 68
24 54 30
53 54 96
53 83 85
25 26 19
25 55 69
54 55 32
54 84 50
26 27 2
26 56 74
55 56 37
55 85 11
27 28 55
27 57 81
56 57 100
56 86 99
28 29 23
28 58 83
57 58 48
57 87 25
29 30 49
29 59 39
58 59 45
58 88 53
30 60 74
59 60 51
59 89 62
60 90 17
61 62 37
61 91 98
62 63 64
62 92 52
63 64 17
63 93 40
64 65 77
64 94 57
65 66 9
65 95 79
66 67 95
66 96 88
67 68 25
67 97 46
68 69 25
68 98 5
69 70 90
69 99 45
70 71 16
70 100 52
71 72 3
71 101 46
72 73 16
72 102 7
73 74 53
73 103 26
74 75 12
74 104 7
75 76 47
75 105 52
76 77 32
76 106 60
77 78 35
77 107 94
78 79 97
78 108 6
79 80 84
79 109 74
80 81 68
80 110 11
81 82 26
81 111 10
82 83 80
82 112 99
83 84 60
83 113 79
84 85 72
84 114 1
85 86 30
85 115 66
86 87 59
86 116 89
87 88 58
87 117 43
88 89 35
88 118 82
89 90 22
89 119 68
90 120 95
91 92 93
91 121 37
92 93 97
92 122 82
93 94 65
93 123 50
94 95 31
94 124 62
95 96 4
95 125 7
96 97 1
96 126 21
97 98 67
97 127 71
98 99 64
98 128 84
99 100 71
99 129 33
100 101 17
100 130 56
101 102 51
101 131 54
102 103 76
102 132 65
103 104 63
103 133 32
104 105 18
104 134 71
105 106 98
105 135 6
106 107 89
106 136 63
107 108 8
107 137 34
108 109 86
108 138 85
109 110 47
109 139 71
110 111 62
110 140 11
111 112 40
111 141 99
112 113 64
112 142 99
113 114 69
113 143 1
114 115 36
114 144 88
115 116 50
115 145 39
116 117 74
116 146 30
117 118 8
117 147 86
118 119 11
118 148 74
119 120 32
119 149 76
120 150 29
121 122 22
121 151 15
122 123 37
122 152 26
123 124 12
123 153 4
124 125 25
124 154 46
125 126 53
125 155 66
126 127 82
126 156 32
127 128 19
127 157 3
128 129 1
128 158 44
129 130 62
129 159 92
130 131 75
130 160 85
131 132 27
131 161 89
132 133 96
132 162 8
133 134 65
133 163 78
134 135 67
134 164 49
135 136 100
135 165 13
136 137 17
136 166 20
137 138 56
137 167 45
138 139 26
138 168 89
139 140 31
139 169 61
140 141 13
140 170 66
141 142 43
141 171 81
142 143 12
142 172 75
143 144 27
143 173 8
144 145 75
144 174 54
145 146 49
145 175 31
146 147 86
146 176 81
147 148 78
147 177 25
148 149 33
148 178 90
149 150 50
149 179 33
150 180 88
151 152 73
151 181 55
152 153 73
152 182 20
153 154 56
153 183 62
154 155 77
154 184 51
155 156 7
155 185 73
156 157 66
156 186 33
157 158 19
157 187 74
158 159 45
158 188 27
159 160 41
159 189 4
160 161 99
160 190 3
161 162 9
161 191 47
162 163 28
162 192 47
163 164 33
163 193 3
164 165 8
164 194 30
165 166 9
165 195 29
166 167 15
166 196 32
167 168 14
167 197 46
168 169 92
168 198 68
169 170 78
169 199 59
170 171 94
170 200 36
171 172 93
171 201 41
172 173 19
172 202 74
173 174 66
173 203 64
174 175 66
174 204 54
175 176 54
175 205 12
176 177 89
176 206 92
177 178 93
177 207 8
178 179 68
178 208 94
179 180 83
179 209 5
180 210 29
181 182 7
181 211 83
182 183 12
182 212 12
183 184 59
183 213 74
184 185 23
184 214 14
185 186 47
185 215 60
186 187 48
186 216 2
187 188 78
187 217 66
188 189 70
188 218 61
189 190 44
189 219 60
190 191 90
190 220 7
191 192 90
191 221 17
192 193 29
192 222 84
193 194 33
193 223 25
194 195 97
194 224 16
195 196 41
195 225 9
196 197 4
196 226 46
197 198 23
197 227 60
198 199 13
198 228 26
199 200 18
199 229 10
200 201 55
200 230 81
201 202 92
201 231 14
202 203 83
202 232 98
203 204 74
203 233 90
204 205 91
204 234 73
205 206 15
205 235 19
206 207 87
206 236 59
207 208 88
207 237 76
208 209 97
208 238 64
209 210 37
209 239 93
210 240 93
211 212 5
211 241 81
212 213 50
212 242 91
213 214 10
213 243 17
214 215 96
214 244 76
215 216 20
215 245 39
216 217 5
216 246 85
217 218 93
217 247 19
218 219 67
218 248 100
219 220 74
219 249 17
220 221 72
220 250 20
221 222 73
221 251 15
222 223 53
222 252 22
223 224 58
223 253 98
224 225 26
224 254 21
225 226 83
225 255 39
226 227 43
226 256 72
227 228 15
227 257 15
228 229 48
228 258 15
229 230 41
229 259 89
230 231 52
230 260 13
231 232 44
231 261 91
232 233 93
232 262 56
233 234 67
233 263 90
234 235 75
234 264 34
235 236 64
235 265 62
236 237 26
236 266 65
237 238 60
237 267 77
238 239 22
238 268 89
239 240 95
239 269 97
240 270 62
241 242 56
241 271 8
242 243 97
242 272 25
243 244 8
243 273 36
244 245 61
244 274 52
245 246 50
245 275 10
246 247 58
246 276 45
247 248 84
247 277 81
248 249 49
248 278 97
249 250 7
249 279 17
250 251 39
250 280 28
251 252 46
251 281 31
252 253 58
252 282 19
253 254 83
253 283 40
254 255 60
254 284 68
255 256 53
255 285 71
256 257 32
256 286 86
257 258 27
257 287 1
258 259 12
258 288 66
259 260 57
259 289 85
260 261 93
260 290 86
261 262 88
261 291 90
262 263 7
262 292 67
263 264 17
263 293 16
264 265 72
264 294 17
265 266 41
265 295 94
266 267 19
266 296 7
267 268 19
267 297 92
268 269 43
268 298 74
269 270 75
269 299 28
270 300 76
271 272 84
271 301 16
272 273 29
272 302 47
273 274 2
273 303 100
274 275 70
274 304 37
275 276 54
275 305 34
276 277 44
276 306 1
277 278 63
277 307 13
278 279 19
278 308 67
279 280 1
279 309 26
280 281 29
280 310 90
281 282 90
281 311 60
282 283 26
282 312 11
283 284 94
283 313 44
284 285 64
284 314 27
285 286 82
285 315 46
286 287 59
286 316 96
287 288 33
287 317 30
288 289 28
288 318 62
289 290 8
289 319 68
290 291 14
290 320 80
291 292 24
291 321 27
292 293 23
292 322 82
293 294 50
293 323 55
294 295 7
294 324 27
295 296 12
295 325 7
296 297 20
296 326 81
297 298 71
297 327 71
298 299 70
298 328 70
299 300 41
299 329 70
300 330 21
301 302 84
301 331 17
302 303 16
302 332 69
303 304 15
303 333 29
304 305 38
304 334 60
305 306 40
305 335 31
306 307 85
306 336 52
307 308 88
307 337 89
308 309 7
308 338 66
309 310 5
309 339 78
310 311 45
310 340 51
311 312 65
311 341 29
312 313 90
312 342 8
313 314 68
313 343 95
314 315 5
314 344 73
315 316 78
315 345 95
316 317 55
316 346 38
317 318 27
317 347 89
318 319 98
318 348 86
319 320 100
319 349 49
320 321 23
320 350 53
321 322 18
321 351 93
322 323 27
322 352 33
323 324 8
323 353 48
324 325 13
324 354 38
325 326 29
325 355 43
326 327 21
326 356 57
327 328 3
327 357 93
328 329 75
328 358 28
329 330 83
329 359 96
330 360 27
331 332 95
331 361 76
332 333 69
332 362 21
333 334 43
333 363 93
334 335 41
334 364 12
335 336 28
335 365 8
336 337 30
336 366 2
337 338 8
337 367 35
338 339 82
338 368 60
339 340 48
339 369 52
340 341 27
340 370 30
341 342 85
341 371 82
342 343 75
342 372 50
343 344 9
343 373 93
344 345 34
344 374 55
345 346 28
345 375 19
346 347 27
346 376 49
347 348 66
347 377 68
348 349 25
348 378 4
349 350 8
349 379 10
350 351 38
350 380 45
351 352 4
351 381 32
352 353 79
352 382 51
353 354 20
353 383 99
354 355 12
354 384 5
355 356 16
355 385 33
356 357 94
356 386 25
357 358 83
357 387 62
358 359 2
358 388 1
359 360 58
359 389 99
360 390 22
361 362 11
361 391 51
362 363 71
362 392 15
363 364 66
363 393 22
364 365 22
364 394 58
365 366 15
365 395 14
366 367 5
366 396 72
367 368 41
367 397 82
368 369 66
368 398 90
369 370 24
369 399 42
370 371 74
370 400 53
371 372 34
371 401 69
372 373 24
372 402 33
373 374 49
373 403 87
374 375 95
374 404 4
375 376 20
375 405 41
376 377 10
376 406 48
377 378 78
377 407 7
378 379 17
378 408 54
379 380 28
379 409 50
380 381 9
380 410 43
381 382 2
381 411 24
382 383 70
382 412 73
383 384 92
383 413 58
384 385 35
384 414 76
385 386 82
385 415 49
386 387 79
386 416 83
387 388 45
387 417 66
388 389 51
388 418 50
389 390 41
389 419 84
390 420 53
391 392 45
391 421 65
392 393 5
392 422 25
393 394 44
393 423 90
394 395 11
394 424 19
395 396 37
395 425 85
396 397 45
396 426 90
397 398 36
397 427 26
398 399 64
398 428 11
399 400 45
399 429 64
400 401 64
400 430 64
401 402 9
401 431 78
402 403 59
402 432 97
403 404 58
403 433 13
404 405 58
404 434 77
405 406 23
405 435 40
406 407 39
406 436 11
407 408 77
407 437 20
408 409 45
408 438 90
409 410 9
409 439 95
410 411 84
410 440 23
411 412 76
411 441 3
412 413 11
412 442 55
413 414 49
413 443 42
414 415 51
414 444 89
415 416 11
415 445 19
416 417 91
416 446 55
417 418 74
417 447 3
418 419 54
418 448 69
419 420 39
419 449 46
420 450 7
421 422 23
421 451 91
422 423 8
422 452 42
423 424 37
423 453 99
424 425 14
424 454 13
425 426 84
425 455 14
426 427 2
426 456 27
427 428 89
427 457 25
428 429 62
428 458 94
429 430 3
429 459 99
430 431 98
430 460 25
431 432 72
431 461 21
432 433 31
432 462 81
433 434 21
433 463 32
434 435 73
434 464 72
435 436 57
435 465 4
436 437 85
436 466 90
437 438 3
437 467 12
438 439 12
438 468 52
439 440 85
439 469 4
440 441 46
440 470 94
441 442 35
441 471 69
442 443 44
442 472 23
443 444 73
443 473 89
444 445 8
444 474 11
445 446 64
445 475 52
446 447 36
446 476 49
447 448 97
447 477 77
448 449 59
448 478 2
449 450 87
449 479 74
450 480 49
451 452 17
451 481 99
452 453 24
452 482 28
453 454 99
453 483 67
454 455 41
454 484 3
455 456 90
455 485 22
456 457 65
456 486 27
457 458 17
457 487 67
458 459 91
458 488 78
459 460 57
459 489 89
460 461 99
460 490 64
461 462 59
461 491 66
462 463 21
462 492 100
463 464 6
463 493 67
464 465 89
464 494 49
465 466 52
465 495 31
466 467 59
466 496 59
467 468 2
467 497 41
468 469 72
468 498 87
469 470 65
469 499 6
470 471 73
470 500 21
471 472 10
471 501 30
472 473 82
472 502 17
473 474 64
473 503 40
474 475 93
474 504 25
475 476 100
475 505 19
476 477 23
476 506 72
477 478 82
477 507 3
478 479 2
478 508 82
479 480 57
479 509 68
480 510 28
481 482 49
481 511 7
482 483 4
482 512 38
483 484 91
483 513 73
484 485 24
484 514 55
485 486 58
485 515 89
486 487 97
486 516 69
487 488 79
487 517 88
488 489 84
488 518 44
489 490 36
489 519 63
490 491 96
490 520 1
491 492 74
491 521 92
492 493 97
492 522 86
493 494 54
493 523 56
494 495 100
494 524 64
495 496 31
495 525 7
496 497 53
496 526 83
497 498 75
497 527 44
498 499 8
498 528 43
499 500 33
499 529 40
500 501 93
500 530 27
501 502 78
501 531 80
502 503 6
502 532 45
503 504 8
503 533 54
504 505 79
504 534 99
505 506 59
505 535 79
506 507 18
506 536 32
507 508 71
507 537 55
508 509 86
508 538 64
509 510 70
509 539 1
510 540 73
511 512 69
511 541 83
512 513 74
512 542 31
513 514 93
513 543 44
514 515 86
514 544 23
515 516 95
515 545 80
516 517 34
516 546 67
517 518 61
517 547 96
518 519 51
518 548 87
519 520 90
519 549 87
520 521 90
520 550 97
521 522 97
521 551 81
522 523 44
522 552 68
523 524 75
523 553 53
524 525 17
524 554 70
525 526 62
525 555 76
526 527 62
526 556 4
527 528 66
527 557 84
528 529 60
528 558 61
529 530 57
529 559 56
530 531 25
530 560 63
531 532 44
531 561 33
532 533 38
532 562 95
533 534 16
533 563 13
534 535 35
534 564 43
535 536 16
535 565 30
536 537 41
536 566 87
537 538 100
537 567 91
538 539 91
538 568 65
539 540 15
539 569 12
540 570 39
541 542 32
541 571 9
542 543 100
542 572 94
543 544 19
543 573 65
544 545 26
544 574 59
545 546 15
545 575 17
546 547 11
546 576 33
547 548 16
547 577 77
548 549 84
548 578 76
549 550 31
549 579 92
550 551 20
550 580 43
551 552 89
551 581 73
552 553 33
552 582 8
553 554 37
553 583 21
554 555 86
554 584 75
555 556 7
555 585 31
556 557 69
556 586 59
557 558 34
557 587 35
558 559 2
558 588 44
559 560 68
559 589 76
560 561 63
560 590 75
561 562 99
561 591 46
562 563 45
562 592 60
563 564 17
563 593 82
564 565 68
564 594 42
565 566 37
565 595 19
566 567 28
566 596 60
567 568 85
567 597 100
568 569 96
568 598 34
569 570 73
569 599 54
570 600 35
571 572 3
571 601 4
572 573 67
572 602 39
573 574 42
573 603 84
574 575 67
574 604 28
575 576 52
575 605 13
576 577 9
576 606 14
577 578 58
577 607 47
578 579 38
578 608 91
579 580 16
579 609 43
580 581 39
580 610 4
581 582 1
581 611 45
582 583 34
582 612 34
583 584 49
583 613 76
584 585 59
584 614 69
585 586 86
585 615 83
586 587 27
586 616 25
587 588 57
587 617 95
588 589 98
588 618 90
589 590 61
589 619 70
590 591 19
590 620 82
591 592 94
591 621 98
592 593 86
592 622 5
593 594 6
593 623 11
594 595 49
594 624 31
595 596 62
595 625 74
596 597 86
596 626 44
597 598 35
597 627 70
598 599 29
598 628 10
599 600 59
599 629 34
600 630 69
601 602 57
601 631 63
602 603 25
602 632 9
603 604 87
603 633 29
604 605 73
604 634 88
605 606 52
605 635 43
606 607 11
606 636 43
607 608 35
607 637 98
608 609 34
608 638 38
609 610 83
609 639 96
610 611 22
610 640 46
611 612 46
611 641 15
612 613 42
612 642 66
613 614 35
613 643 36
614 615 99
614 644 53
615 616 82
615 645 38
616 617 93
616 646 2
617 618 60
617 647 68
618 619 16
618 648 58
619 620 33
619 649 89
620 621 97
620 650 81
621 622 46
621 651 13
622 623 23
622 652 66
623 624 59
623 653 90
624 625 80
624 654 82
625 626 75
625 655 28
626 627 75
626 656 27
627 628 72
627 657 6
628 629 49
628 658 66
629 630 72
629 659 88
630 660 59
631 632 34
631 661 31
632 633 19
632 662 35
633 634 18
633 663 42
634 635 77
634 664 99
635 636 43
635 665 55
636 637 33
636 666 43
637 638 57
637 667 7
638 639 39
638 668 14
639 640 47
639 669 30
640 641 67
640 670 20
641 642 17
641 671 4
642 643 45
642 672 93
643 644 13
643 673 18
644 645 26
644 674 42
645 646 89
645 675 62
646 647 50
646 676 76
647 648 83
647 677 60
648 649 96
648 678 65
649 650 2
649 679 27
650 651 25
650 680 70
651 652 50
651 681 61
652 653 18
652 682 89
653 654 16
653 683 94
654 655 56
654 684 74
655 656 100
655 685 65
656 657 6
656 686 40
657 658 19
657 687 10
658 659 89
658 688 30
659 660 47
659 689 26
660 690 98
661 662 41
661 691 89
662 663 18
662 692 6
663 664 76
663 693 75
664 665 3
664 694 31
665 666 53
665 695 3
666 667 22
666 696 71
667 668 92
667 697 60
668 669 27
668 698 46
669 670 24
669 699 54
670 671 75
670 700 66
671 672 51
671 701 51
672 673 100
672 702 95
673 674 17
673 703 97
674 675 90
674 704 35
675 676 26
675 705 79
676 677 11
676 706 58
677 678 92
677 707 99
678 679 15
678 708 72
679 680 22
679 709 28
680 681 41
680 710 3
681 682 89
681 711 4
682 683 79
682 712 93
683 684 20
683 713 79
684 685 39
684 714 26
685 686 92
685 715 74
686 687 22
686 716 7
687 688 39
687 717 62
688 689 47
688 718 43
689 690 79
689 719 9
690 720 73
691 692 40
691 721 9
692 693 88
692 722 16
693 694 60
693 723 47
694 695 11
694 724 12
695 696 38
695 725 55
696 697 86
696 726 89
697 698 31
697 727 63
698 699 100
698 728 26
699 700 74
699 729 59
700 701 67
700 730 41
701 702 79
701 731 4
702 703 73
702 732 30
703 704 84
703 733 78
704 705 61
704 734 22
705 706 92
705 735 14
706 707 72
706 736 42
707 708 83
707 737 33
708 709 30
708 738 27
709 710 7
709 739 3
710 711 50
710 740 21
711 712 78
711 741 59
712 713 57
712 742 9
713 714 46
713 743 92
714 715 59
714 744 55
715 716 82
715 745 12
716 717 25
716 746 11
717 718 72
717 747 37
718 719 18
718 748 76
719 720 60
719 749 40
720 750 15
721 722 35
721 751 64
722 723 13
722 752 85
723 724 23
723 753 96
724 725 80
724 754 89
725 726 87
725 755 80
726 727 90
726 756 60
727 728 4
727 757 51
728 729 41
728 758 40
729 730 4
729 759 23
730 731 61
730 760 15
731 732 91
731 761 37
732 733 29
732 762 79
733 734 20
733 763 99
734 735 11
734 764 77
735 736 4
735 765 94
736 737 23
736 766 37
737 738 86
737 767 74
738 739 32
738 768 89
739 740 45
739 769 22
740 741 50
740 770 68
741 742 73
741 771 21
742 743 68
742 772 10
743 744 74
743 773 81
744 745 22
744 774 20
745 746 54
745 775 48
746 747 93
746 776 62
747 748 17
747 777 61
748 749 53
748 778 52
749 750 8
749 779 36
750 780 43
751 752 45
751 781 15
752 753 12
752 782 36
753 754 16
753 783 11
754 755 45
754 784 19
755 756 12
755 785 24
756 757 23
756 786 98
757 758 44
757 787 14
758 759 69
758 788 95
759 760 87
759 789 80
760 761 97
760 790 50
761 762 3
761 791 41
762 763 20
762 792 53
763 764 85
763 793 86
764 765 96
764 794 54
765 766 92
765 795 18
766 767 94
766 796 83
767 768 88
767 797 83
768 769 33
768 798 19
769 770 45
769 799 91
770 771 21
770 800 7
771 772 97
771 801 19
772 773 14
772 802 64
773 774 64
773 803 38
774 775 41
774 804 85
775 776 3
775 805 29
776 777 6
776 806 16
777 778 28
777 807 83
778 779 39
778 808 69
779 780 35
779 809 53
780 810 21
781 782 85
781 811 9
782 783 50
782 812 30
783 784 53
783 813 34
784 785 65
784 814 45
785 786 78
785 815 96
786 787 50
786 816 31
787 788 15
787 817 52
788 789 100
788 818 46
789 790 87
789 819 38
790 791 58
790 820 65
791 792 4
791 821 30
792 793 44
792 822 25
793 794 45
793 823 90
794 795 88
794 824 49
795 796 1
795 825 20
796 797 96
796 826 65
797 798 11
797 827 27
798 799 73
798 828 30
799 800 30
799 829 15
800 801 75
800 830 31
801 802 41
801 831 72
802 803 91
802 832 5
803 804 65
803 833 27
804 805 86
804 834 93
805 806 76
805 835 57
806 807 52
806 836 3
807 808 14
807 837 12
808 809 26
808 838 58
809 810 80
809 839 70
810 840 36
811 812 9
811 841 7
812 813 5
812 842 68
813 814 79
813 843 20
814 815 38
814 844 75
815 816 58
815 845 80
816 817 63
816 846 67
817 818 64
817 847 89
818 819 53
818 848 1
819 820 87
819 849 68
820 821 82
820 850 61
821 822 31
821 851 14
822 823 16
822 852 77
823 824 98
823 853 19
824 825 97
824 854 69
825 826 7
825 855 25
826 827 95
826 856 9
827 828 47
827 857 97
828 829 16
828 858 28
829 830 10
829 859 28
830 831 9
830 860 46
831 832 100
831 861 67
832 833 3
832 862 60
833 834 23
833 863 34
834 835 15
834 864 76
835 836 3
835 865 3
836 837 33
836 866 43
837 838 43
837 867 59
838 839 1
838 868 27
839 840 55
839 869 63
840 870 42
841 842 92
841 871 1
842 843 97
842 872 40
843 844 43
843 873 26
844 845 83
844 874 78
845 846 61
845 875 68
846 847 17
846 876 76
847 848 94
847 877 85
848 849 87
848 878 57
849 850 36
849 879 19
850 851 42
850 880 42
851 852 40
851 881 24
852 853 62
852 882 5
853 854 32
853 883 4
854 855 95
854 884 85
855 856 36
855 885 65
856 857 27
856 886 2
857 858 7
857 887 35
858 859 82
858 888 30
859 860 93
859 889 59
860 861 70
860 890 86
861 862 26
861 891 29
862 863 58
862 892 85
863 864 23
863 893 44
864 865 70
864 894 55
865 866 64
865 895 74
866 867 65
866 896 43
867 868 32
867 897 89
868 869 99
868 898 95
869 870 91
869 899 58
870 900 3
871 872 76
872 873 1
873 874 44
874 875 52
875 876 35
876 877 53
877 878 25
878 879 2
879 880 49
880 881 50
881 882 94
882 883 67
883 884 28
884 885 73
885 886 83
886 887 82
887 888 100
888 889 85
889 890 38
890 891 13
891 892 70
892 893 61
893 894 36
894 895 5
895 896 1
896 897 4
897 898 21
898 899 43
899 900 13
