2025 3960
1 2 8
1 46 57
2 3 60
2 47 46
46 47 21
46 91 98
3 4 12
3 48 43
47 48 88
47 92 97
4 5 55
4 49 43
48 49 83
48 93 19
5 6 73
5 50 55
49 50 52
49 94 100
6 7 71
6 51 73
50 51 95
50 95 3
7 8 3
7 52 83
51 52 48
51 96 33
8 9 87
8 53 60
52 53 36
52 97 42
9 10 88
9 54 88
53 54 35
53 98 19
10 11 36
10 55 34
54 55 34
54 99 19
11 12 13
11 56 5
55 56 71
55 100 89
12 13 31
12 57 23
56 57 1
56 101 68
13 14 33
13 58 75
57 58 31
57 102 59
14 15 45
14 59 4
58 59 60
58 103 16
15 16 35
15 60 15
59 60 32
59 104 29
16 17 65
16 61 34
60 61 74
60 105 16
17 18 89
17 62 39
61 62 81
61 106 11
18 19 98
18 63 58
62 63 19
62 107 30
19 20 84
19 64 77
63 64 89
63 108 44
20 21 96
20 65 83
64 65 31
64 109 67
21 22 43
21 66 61
65 66 4
65 110 89
22 23 91
22 67 56
66 67 39
66 111 66
23 24 87
23 68 9
67 68 55
67 112 58
24 25 30
24 69 69
68 69 6
68 113 53
25 26 86
25 70 71
69 70 61
69 114 58
26 27 75
26 71 72
70 71 73
70 115 24
27 28 99
27 72 32
71 72 26
71 116 51
28 29 47
28 73 34
72 73 47
72 117 60
29 30 33
29 74 59
73 74 13
73 118 33
30 31 32
30 75 14
74 75 49
74 119 26
31 32 91
31 76 77
75 76 9
75 120 31
32 33 5
32 77 44
76 77 55
76 121 19
33 34 87
33 78 11
77 78 8
77 122 59
34 35 94
34 79 35
78 79 79
78 123 53
35 36 59
35 80 88
79 80 73
79 124 26
36 37 22
36 81 26
80 81 29
80 125 59
37 38 25
37 82 94
81 82 69
81 126 100
38 39 28
38 83 27
82 83 47
82 127 55
39 40 2
39 84 63
83 84 63
83 128 29
40 41 83
40 85 88
84 85 56
84 129 2
41 42 26
41 86 53
85 86 58
85 130 67
42 43 34
42 87 89
86 87 31
86 131 83
43 44 12
43 88 27
87 88 83
87 132 81
44 45 89
44 89 63
88 89 44
88 133 77
45 90 68
89 90 72
89 134 34
90 135 52
91 92 6
91 136 82
92 93 93
92 137 26
93 94 61
93 138 45
94 95 22
94 139 85
95 96 86
95 140 65
96 97 43
96 141 24
97 98 4
97 142 99
98 99 59
98 143 45
99 100 11
99 144 62
100 101 17
100 145 7
101 102 33
101 146 63
102 103 79
102 147 4
103 104 36
103 148 1
104 105 75
104 149 62
105 106 23
105 150 29
106 107 79
106 151 43
107 108 78
107 152 94
108 109 20
108 153 98
109 110 55
109 154 3
110 111 59
110 155 65
111 112 63
111 156 26
112 113 81
112 157 35
113 114 49
113 158 88
114 115 56
114 159 26
115 116 20
115 160 89
116 117 56
116 161 8
117 118 95
117 162 8
118 119 34
118 163 7
119 120 66
119 164 38
120 121 44
120 165 59
121 122 97
121 166 93
122 123 31
122 167 19
123 124 54
123 168 53
124 125 61
124 169 44
125 126 60
125 170 91
126 127 74
126 171 20
127 128 83
127 172 99
128 129 48
128 173 7
129 130 84
129 174 14
130 131 52
130 175 63
131 132 95
131 176 42
132 133 55
132 177 84
133 134 16
133 178 54
134 135 3
134 179 94
135 180 1
136 137 56
136 181 61
137 138 22
137 182 81
138 139 30
138 183 8
139 140 1
139 184 39
140 141 98
140 185 41
141 142 85
141 186 89
142 143 45
142 187 61
143 144 88
143 188 36
144 145 52
144 189 55
145 146 8
145 190 97
146 147 3
146 191 26
147 148 53
147 192 61
148 149 66
148 193 52
149 150 23
149 194 55
150 151 84
150 195 17
151 152 17
151 196 34
152 153 74
152 197 16
153 154 98
153 198 2
154 155 32
154 199 93
155 156 41
155 200 57
156 157 77
156 201 70
157 158 4
157 202 81
158 159 54
158 203 75
159 160 31
159 204 23
160 161 20
160 205 58
161 162 33
161 206 52
162 163 19
162 207 19
163 164 62
163 208 45
164 165 2
164 209 91
165 166 66
165 210 78
166 167 63
166 211 60
167 168 52
167 212 66
168 169 67
168 213 44
169 170 91
169 214 74
170 171 52
170 215 31
171 172 96
171 216 86
172 173 69
172 217 75
173 174 8
173 218 94
174 175 48
174 219 67
175 176 15
175 220 81
176 177 8
176 221 18
177 178 8
177 222 88
178 179 5
178 223 30
179 180 73
179 224 77
180 225 62
181 182 11
181 226 22
182 183 17
182 227 52
183 184 3
183 228 46
184 185 12
184 229 91
185 186 24
185 230 82
186 187 48
186 231 97
187 188 48
187 232 45
188 189 86
188 233 78
189 190 93
189 234 51
190 191 86
190 235 19
191 192 47
191 236 49
192 193 31
192 237 97
193 194 6
193 238 99
194 195 32
194 239 47
195 196 39
195 240 59
196 197 80
196 241 88
197 198 93
197 242 10
198 199 30
198 243 79
199 200 88
199 244 85
200 201 19
200 245 11
201 202 37
201 246 34
202 203 99
202 247 50
203 204 16
203 248 15
204 205 12
204 249 85
205 206 44
205 250 1
206 207 34
206 251 66
207 208 1
207 252 98
208 209 19
208 253 31
209 210 80
209 254 5
210 211 58
210 255 49
211 212 31
211 256 10
212 213 66
212 257 18
213 214 38
213 258 76
214 215 74
214 259 93
215 216 91
215 260 5
216 217 12
216 261 32
217 218 54
217 262 45
218 219 72
218 263 45
219 220 74
219 264 13
220 221 53
220 265 91
221 222 18
221 266 53
222 223 87
222 267 31
223 224 93
223 268 38
224 225 3
224 269 86
225 270 19
226 227 6
226 271 97
227 228 96
227 272 34
228 229 73
228 273 100
229 230 49
229 274 19
230 231 44
230 275 93
231 232 59
231 276 39
232 233 41
232 277 71
233 234 98
233 278 65
234 235 16
234 279 91
235 236 30
235 280 42
236 237 16
236 281 36
237 238 41
237 282 79
238 239 45
238 283 19
239 240 78
239 284 88
240 241 51
240 285 47
241 242 94
241 286 57
242 243 34
242 287 67
243 244 37
243 288 31
244 245 66
244 289 76
245 246 62
245 290 96
246 247 25
246 291 67
247 248 99
247 292 28
248 249 71
248 293 87
249 250 87
249 294 9
250 251 28
250 295 53
251 252 40
251 296 65
252 253 40
252 297 5
253 254 66
253 298 90
254 255 63
254 299 49
255 256 44
255 300 76
256 257 46
256 301 27
257 258 16
257 302 85
258 259 1
258 303 36
259 260 60
259 304 15
260 261 35
260 305 50
261 262 19
261 306 99
262 263 1
262 307 64
263 264 9
263 308 57
264 265 52
264 309 66
265 266 33
265 310 37
266 267 32
266 311 60
267 268 6
267 312 17
268 269 22
268 313 91
269 270 89
269 314 84
270 315 51
271 272 71
271 316 55
272 273 42
272 317 7
273 274 25
273 318 91
274 275 96
274 319 32
275 276 81
275 320 98
276 277 43
276 321 91
277 278 27
277 322 24
278 279 76
278 323 11
279 280 49
279 324 89
280 281 12
280 325 88
281 282 20
281 326 73
282 283 16
282 327 63
283 284 32
283 328 21
284 285 50
284 329 14
285 286 57
285 330 28
286 287 34
286 331 47
287 288 38
287 332 32
288 289 14
288 333 72
289 290 69
289 334 12
290 291 94
290 335 56
291 292 95
291 336 98
292 293 74
292 337 69
293 294 78
293 338 62
294 295 58
294 339 23
295 296 62
295 340 64
296 297 91
296 341 40
297 298 77
297 342 97
298 299 72
298 343 56
299 300 47
299 344 6
300 301 34
300 345 91
301 302 96
301 346 2
302 303 22
302 347 95
303 304 72
303 348 62
304 305 59
304 349 88
305 306 6
305 350 14
306 307 99
306 351 27
307 308 2
307 352 89
308 309 19
308 353 3
309 310 31
309 354 47
310 311 25
310 355 90
311 312 1
311 356 4
312 313 36
312 357 85
313 314 72
313 358 79
314 315 6
314 359 60
315 360 21
316 317 60
316 361 68
317 318 91
317 362 26
318 319 88
318 363 12
319 320 55
319 364 79
320 321 83
320 365 21
321 322 59
321 366 14
322 323 48
322 367 56
323 324 27
323 368 86
324 325 32
324 369 56
325 326 42
325 370 68
326 327 45
326 371 7
327 328 23
327 372 4
328 329 82
328 373 3
329 330 25
329 374 7
330 331 35
330 375 98
331 332 85
331 376 99
332 333 53
332 377 15
333 334 8
333 378 23
334 335 40
334 379 1
335 336 33
335 380 93
336 337 61
336 381 99
337 338 32
337 382 32
338 339 39
338 383 95
339 340 62
339 384 53
340 341 57
340 385 41
341 342 41
341 386 46
342 343 99
342 387 59
343 344 52
343 388 84
344 345 6
344 389 1
345 346 64
345 390 40
346 347 82
346 391 43
347 348 46
347 392 54
348 349 65
348 393 61
349 350 29
349 394 88
350 351 46
350 395 84
351 352 13
351 396 34
352 353 26
352 397 25
353 354 92
353 398 23
354 355 46
354 399 100
355 356 69
355 400 99
356 357 3
356 401 36
357 358 86
357 402 43
358 359 51
358 403 74
359 360 18
359 404 90
360 405 74
361 362 35
361 406 53
362 363 96
362 407 34
363 364 83
363 408 44
364 365 78
364 409 9
365 366 22
365 410 94
366 367 41
366 411 57
367 368 86
367 412 11
368 369 48
368 413 66
369 370 96
369 414 26
370 371 55
370 415 46
371 372 27
371 416 29
372 373 17
372 417 40
373 374 64
373 418 96
374 375 35
374 419 32
375 376 80
375 420 36
376 377 63
376 421 67
377 378 7
377 422 68
378 379 45
378 423 64
379 380 58
379 424 26
380 381 84
380 425 99
381 382 67
381 426 48
382 383 58
382 427 35
383 384 41
383 428 81
384 385 35
384 429 34
385 386 78
385 430 60
386 387 26
386 431 39
387 388 92
387 432 82
388 389 17
388 433 52
389 390 27
389 434 44
390 391 82
390 435 16
391 392 96
391 436 38
392 393 80
392 437 96
393 394 38
393 438 35
394 395 3
394 439 48
395 396 43
395 440 61
396 397 83
396 441 76
397 398 76
397 442 36
398 399 70
398 443 36
399 400 90
399 444 60
400 401 8
400 445 94
401 402 10
401 446 18
402 403 93
402 447 61
403 404 18
403 448 81
404 405 37
404 449 17
405 450 42
406 407 97
406 451 33
407 408 70
407 452 35
408 409 35
408 453 40
409 410 78
409 454 13
410 411 76
410 455 29
411 412 38
411 456 92
412 413 48
412 457 39
413 414 55
413 458 81
414 415 37
414 459 50
415 416 22
415 460 29
416 417 42
416 461 94
417 418 23
417 462 11
418 419 18
418 463 98
419 420 79
419 464 47
420 421 63
420 465 19
421 422 61
421 466 37
422 423 16
422 467 99
423 424 62
423 468 27
424 425 11
424 469 75
425 426 92
425 470 64
426 427 67
426 471 89
427 428 87
427 472 73
428 429 84
428 473 41
429 430 7
429 474 81
430 431 63
430 475 89
431 432 64
431 476 6
432 433 18
432 477 85
433 434 91
433 478 26
434 435 18
434 479 79
435 436 56
435 480 95
436 437 54
436 481 9
437 438 66
437 482 30
438 439 26
438 483 52
439 440 4
439 484 89
440 441 41
440 485 18
441 442 24
441 486 99
442 443 51
442 487 5
443 444 59
443 488 56
444 445 75
444 489 72
445 446 62
445 490 57
446 447 51
446 491 32
447 448 45
447 492 3
448 449 18
448 493 79
449 450 41
449 494 12
450 495 14
451 452 81
451 496 94
452 453 76
452 497 76
453 454 69
453 498 53
454 455 7
454 499 73
455 456 92
455 500 91
456 457 50
456 501 34
457 458 41
457 502 23
458 459 24
458 503 15
459 460 68
459 504 31
460 461 63
460 505 94
461 462 99
461 506 100
462 463 10
462 507 34
463 464 11
463 508 77
464 465 98
464 509 54
465 466 60
465 510 46
466 467 15
466 511 57
467 468 40
467 512 52
468 469 69
468 513 64
469 470 54
469 514 76
470 471 69
470 515 20
471 472 85
471 516 47
472 473 58
472 517 16
473 474 55
473 518 29
474 475 72
474 519 43
475 476 57
475 520 88
476 477 29
476 521 2
477 478 100
477 522 17
478 479 77
478 523 63
479 480 44
479 524 14
480 481 64
480 525 78
481 482 20
481 526 48
482 483 81
482 527 9
483 484 33
483 528 88
484 485 75
484 529 48
485 486 38
485 530 23
486 487 68
486 531 37
487 488 65
487 532 51
488 489 55
488 533 1
489 490 72
489 534 85
490 491 19
490 535 47
491 492 70
491 536 51
492 493 32
492 537 70
493 494 65
493 538 64
494 495 37
494 539 74
495 540 8
496 497 12
496 541 31
497 498 49
497 542 17
498 499 22
498 543 28
499 500 38
499 544 52
500 501 66
500 545 41
501 502 52
501 546 21
502 503 83
502 547 17
503 504 20
503 548 42
504 505 32
504 549 58
505 506 81
505 550 15
506 507 41
506 551 73
507 508 78
507 552 11
508 509 20
508 553 40
509 510 79
509 554 40
510 511 43
510 555 70
511 512 73
511 556 29
512 513 49
512 557 93
513 514 71
513 558 59
514 515 98
514 559 84
515 516 63
515 560 83
516 517 56
516 561 68
517 518 66
517 562 62
518 519 82
518 563 75
519 520 34
519 564 21
520 521 91
520 565 85
521 522 74
521 566 10
522 523 89
522 567 27
523 524 56
523 568 47
524 525 31
524 569 82
525 526 69
525 570 48
526 527 12
526 571 24
527 528 88
527 572 89
528 529 41
528 573 15
529 530 23
529 574 48
530 531 60
530 575 66
531 532 71
531 576 31
532 533 72
532 577 2
533 534 92
533 578 30
534 535 41
534 579 71
535 536 83
535 580 98
536 537 15
536 581 70
537 538 22
537 582 30
538 539 56
538 583 29
539 540 84
539 584 25
540 585 26
541 542 6
541 586 70
542 543 28
542 587 43
543 544 58
543 588 90
544 545 4
544 589 70
545 546 15
545 590 42
546 547 44
546 591 6
547 548 62
547 592 40
548 549 48
548 593 43
549 550 33
549 594 20
550 551 52
550 595 50
551 552 78
551 596 83
552 553 35
552 597 91
553 554 90
553 598 56
554 555 76
554 599 24
555 556 31
555 600 95
556 557 33
556 601 96
557 558 93
557 602 2
558 559 45
558 603 35
559 560 52
559 604 47
560 561 42
560 605 50
561 562 32
561 606 47
562 563 99
562 607 9
563 564 1
563 608 4
564 565 3
564 609 20
565 566 46
565 610 23
566 567 100
566 611 31
567 568 21
567 612 92
568 569 28
568 613 64
569 570 23
569 614 66
570 571 3
570 615 66
571 572 73
571 616 64
572 573 66
572 617 72
573 574 83
573 618 41
574 575 85
574 619 16
575 576 17
575 620 89
576 577 64
576 621 26
577 578 22
577 622 18
578 579 61
578 623 38
579 580 72
579 624 54
580 581 87
580 625 53
581 582 20
581 626 39
582 583 86
582 627 44
583 584 5
583 628 72
584 585 64
584 629 43
585 630 50
586 587 82
586 631 70
587 588 35
587 632 77
588 589 5
588 633 100
589 590 60
589 634 53
590 591 28
590 635 43
591 592 40
591 636 7
592 593 15
592 637 22
593 594 9
593 638 35
594 595 18
594 639 64
595 596 54
595 640 85
596 597 16
596 641 76
597 598 67
597 642 95
598 599 19
598 643 83
599 600 46
599 644 51
600 601 68
600 645 82
601 602 1
601 646 43
602 603 29
602 647 52
603 604 90
603 648 71
604 605 3
604 649 93
605 606 14
605 650 91
606 607 68
606 651 11
607 608 72
607 652 12
608 609 99
608 653 58
609 610 75
609 654 16
610 611 43
610 655 60
611 612 59
611 656 79
612 613 20
612 657 25
613 614 69
613 658 82
614 615 59
614 659 90
615 616 18
615 660 22
616 617 99
616 661 33
617 618 26
617 662 17
618 619 84
618 663 87
619 620 83
619 664 23
620 621 26
620 665 13
621 622 64
621 666 78
622 623 40
622 667 59
623 624 73
623 668 7
624 625 94
624 669 62
625 626 16
625 670 33
626 627 43
626 671 78
627 628 87
627 672 71
628 629 2
628 673 82
629 630 33
629 674 95
630 675 20
631 632 2
631 676 27
632 633 26
632 677 41
633 634 1
633 678 5
634 635 56
634 679 98
635 636 50
635 680 47
636 637 61
636 681 41
637 638 93
637 682 52
638 639 34
638 683 72
639 640 1
639 684 42
640 641 35
640 685 33
641 642 23
641 686 9
642 643 61
642 687 73
643 644 24
643 688 66
644 645 72
644 689 64
645 646 47
645 690 59
646 647 86
646 691 54
647 648 69
647 692 75
648 649 68
648 693 23
649 650 3
649 694 33
650 651 93
650 695 79
651 652 59
651 696 57
652 653 46
652 697 63
653 654 88
653 698 66
654 655 42
654 699 61
655 656 90
655 700 8
656 657 34
656 701 34
657 658 64
657 702 43
658 659 65
658 703 89
659 660 38
659 704 88
660 661 62
660 705 56
661 662 38
661 706 97
662 663 95
662 707 39
663 664 67
663 708 17
664 665 18
664 709 59
665 666 79
665 710 59
666 667 21
666 711 48
667 668 20
667 712 64
668 669 38
668 713 88
669 670 49
669 714 34
670 671 43
670 715 87
671 672 47
671 716 57
672 673 30
672 717 60
673 674 8
673 718 80
674 675 41
674 719 62
675 720 92
676 677 73
676 721 28
677 678 43
677 722 29
678 679 66
678 723 36
679 680 24
679 724 37
680 681 21
680 725 29
681 682 64
681 726 11
682 683 81
682 727 35
683 684 38
683 728 49
684 685 19
684 729 57
685 686 4
685 730 81
686 687 46
686 731 62
687 688 64
687 732 93
688 689 65
688 733 61
689 690 97
689 734 79
690 691 30
690 735 29
691 692 64
691 736 4
692 693 53
692 737 30
693 694 45
693 738 32
694 695 41
694 739 99
695 696 40
695 740 53
696 697 23
696 741 15
697 698 63
697 742 15
698 699 79
698 743 49
699 700 18
699 744 47
700 701 94
700 745 71
701 702 52
701 746 81
702 703 95
702 747 97
703 704 66
703 748 80
704 705 28
704 749 4
705 706 61
705 750 3
706 707 71
706 751 39
707 708 66
707 752 50
708 709 100
708 753 35
709 710 87
709 754 81
710 711 6
710 755 100
711 712 40
711 756 63
712 713 4
712 757 69
713 714 79
713 758 39
714 715 3
714 759 41
715 716 2
715 760 52
716 717 95
716 761 38
717 718 13
717 762 26
718 719 66
718 763 26
719 720 9
719 764 50
720 765 89
721 722 9
721 766 11
722 723 22
722 767 19
723 724 41
723 768 9
724 725 65
724 769 53
725 726 13
725 770 52
726 727 45
726 771 72
727 728 16
727 772 1
728 729 16
728 773 51
729 730 26
729 774 69
730 731 11
730 775 66
731 732 96
731 776 31
732 733 98
732 777 72
733 734 3
733 778 18
734 735 44
734 779 83
735 736 96
735 780 21
736 737 56
736 781 11
737 738 94
737 782 6
738 739 66
738 783 18
739 740 20
739 784 6
740 741 3
740 785 12
741 742 33
741 786 19
742 743 77
742 787 77
743 744 38
743 788 53
744 745 47
744 789 90
745 746 63
745 790 87
746 747 80
746 791 30
747 748 42
747 792 91
748 749 30
748 793 78
749 750 50
749 794 39
750 751 6
750 795 39
751 752 75
751 796 48
752 753 60
752 797 78
753 754 72
753 798 90
754 755 63
754 799 11
755 756 94
755 800 65
756 757 72
756 801 7
757 758 60
757 802 27
758 759 95
758 803 29
759 760 99
759 804 28
760 761 53
760 805 43
761 762 19
761 806 21
762 763 31
762 807 39
763 764 83
763 808 98
764 765 43
764 809 96
765 810 41
766 767 27
766 811 16
767 768 12
767 812 1
768 769 39
768 813 37
769 770 1
769 814 49
770 771 6
770 815 44
771 772 51
771 816 30
772 773 96
772 817 74
773 774 63
773 818 6
774 775 27
774 819 49
775 776 40
775 820 65
776 777 1
776 821 25
777 778 11
777 822 31
778 779 89
778 823 44
779 780 21
779 824 83
780 781 68
780 825 67
781 782 58
781 826 24
782 783 51
782 827 67
783 784 39
783 828 44
784 785 24
784 829 77
785 786 37
785 830 36
786 787 85
786 831 11
787 788 55
787 832 23
788 789 2
788 833 39
789 790 44
789 834 90
790 791 75
790 835 26
791 792 39
791 836 43
792 793 35
792 837 9
793 794 40
793 838 8
794 795 96
794 839 95
795 796 45
795 840 3
796 797 50
796 841 91
797 798 27
797 842 76
798 799 51
798 843 81
799 800 20
799 844 1
800 801 39
800 845 4
801 802 62
801 846 81
802 803 89
802 847 83
803 804 34
803 848 3
804 805 44
804 849 95
805 806 67
805 850 62
806 807 89
806 851 17
807 808 26
807 852 60
808 809 6
808 853 11
809 810 23
809 854 47
810 855 63
811 812 94
811 856 81
812 813 88
812 857 83
813 814 77
813 858 34
814 815 46
814 859 36
815 816 62
815 860 81
816 817 37
816 861 84
817 818 45
817 862 60
818 819 39
818 863 94
819 820 61
819 864 16
820 821 92
820 865 16
821 822 74
821 866 52
822 823 36
822 867 31
823 824 57
823 868 12
824 825 26
824 869 9
825 826 16
825 870 57
826 827 10
826 871 76
827 828 65
827 872 90
828 829 20
828 873 63
829 830 17
829 874 80
830 831 19
830 875 32
831 832 59
831 876 6
832 833 52
832 877 55
833 834 9
833 878 80
834 835 3
834 879 70
835 836 91
835 880 99
836 837 79
836 881 22
837 838 31
837 882 42
838 839 76
838 883 43
839 840 28
839 884 88
840 841 88
840 885 92
841 842 54
841 886 96
842 843 36
842 887 25
843 844 99
843 888 8
844 845 30
844 889 71
845 846 16
845 890 49
846 847 49
846 891 66
847 848 9
847 892 56
848 849 17
848 893 41
849 850 55
849 894 100
850 851 17
850 895 91
851 852 17
851 896 82
852 853 25
852 897 95
853 854 90
853 898 14
854 855 99
854 899 48
855 900 48
856 857 72
856 901 45
857 858 40
857 902 85
858 859 37
858 903 45
859 860 3
859 904 40
860 861 78
860 905 65
861 862 46
861 906 70
862 863 19
862 907 56
863 864 34
863 908 32
864 865 17
864 909 86
865 866 40
865 910 46
866 867 65
866 911 55
867 868 55
867 912 97
868 869 31
868 913 29
869 870 11
869 914 75
870 871 69
870 915 58
871 872 33
871 916 46
872 873 63
872 917 39
873 874 42
873 918 73
874 875 4
874 919 95
875 876 27
875 920 77
876 877 66
876 921 69
877 878 84
877 922 58
878 879 36
878 923 19
879 880 18
879 924 31
880 881 11
880 925 80
881 882 83
881 926 71
882 883 2
882 927 43
883 884 51
883 928 78
884 885 55
884 929 45
885 886 40
885 930 30
886 887 81
886 931 97
887 888 71
887 932 49
888 889 73
888 933 18
889 890 10
889 934 45
890 891 38
890 935 85
891 892 55
891 936 38
892 893 64
892 937 20
893 894 85
893 938 31
894 895 21
894 939 31
895 896 70
895 940 61
896 897 17
896 941 61
897 898 85
897 942 55
898 899 98
898 943 1
899 900 91
899 944 6
900 945 69
901 902 10
901 946 82
902 903 36
902 947 31
903 904 92
903 948 55
904 905 28
904 949 87
905 906 58
905 950 78
906 907 84
906 951 63
907 908 59
907 952 88
908 909 17
908 953 92
909 910 77
909 954 55
910 911 93
910 955 20
911 912 96
911 956 43
912 913 47
912 957 32
913 914 15
913 958 50
914 915 100
914 959 75
915 916 60
915 960 5
916 917 74
916 961 59
917 918 7
917 962 89
918 919 69
918 963 74
919 920 24
919 964 28
920 921 47
920 965 25
921 922 15
921 966 68
922 923 2
922 967 51
923 924 1
923 968 65
924 925 16
924 969 4
925 926 19
925 970 28
926 927 44
926 971 84
927 928 23
927 972 14
928 929 4
928 973 11
929 930 59
929 974 16
930 931 57
930 975 63
931 932 88
931 976 14
932 933 84
932 977 11
933 934 54
933 978 14
934 935 47
934 979 15
935 936 58
935 980 62
936 937 43
936 981 86
937 938 40
937 982 54
938 939 98
938 983 75
939 940 44
939 984 73
940 941 2
940 985 75
941 942 74
941 986 41
942 943 88
942 987 96
943 944 21
943 988 13
944 945 70
944 989 19
945 990 7
946 947 53
946 991 74
947 948 77
947 992 68
948 949 70
948 993 71
949 950 90
949 994 19
950 951 73
950 995 48
951 952 16
951 996 2
952 953 11
952 997 62
953 954 29
953 998 49
954 955 89
954 999 29
955 956 85
955 1000 52
956 957 45
956 1001 50
957 958 35
957 1002 71
958 959 65
958 1003 44
959 960 58
959 1004 15
960 961 2
960 1005 63
961 962 35
961 1006 88
962 963 30
962 1007 17
963 964 44
963 1008 83
964 965 26
964 1009 81
965 966 7
965 1010 17
966 967 36
966 1011 86
967 968 76
967 1012 53
968 969 92
968 1013 78
969 970 85
969 1014 94
970 971 19
970 1015 70
971 972 25
971 1016 51
972 973 83
972 1017 26
973 974 55
973 1018 18
974 975 59
974 1019 9
975 976 61
975 1020 57
976 977 64
976 1021 89
977 978 30
977 1022 77
978 979 66
978 1023 71
979 980 57
979 1024 80
980 981 30
980 1025 6
981 982 48
981 1026 86
982 983 82
982 1027 57
983 984 7
983 1028 69
984 985 29
984 1029 55
985 986 54
985 1030 70
986 987 90
986 1031 96
987 988 56
987 1032 88
988 989 21
988 1033 50
989 990 24
989 1034 56
990 1035 52
991 992 77
991 1036 26
992 993 100
992 1037 95
993 994 50
993 1038 100
994 995 48
994 1039 59
995 996 88
995 1040 66
996 997 25
996 1041 43
997 998 10
997 1042 61
998 999 72
998 1043 20
999 1000 63
999 1044 29
1000 1001 10
1000 1045 23
1001 1002 37
1001 1046 67
1002 1003 88
1002 1047 77
1003 1004 6
1003 1048 73
1004 1005 37
1004 1049 50
1005 1006 87
1005 1050 34
1006 1007 89
1006 1051 94
1007 1008 21
1007 1052 23
1008 1009 92
1008 1053 46
1009 1010 41
1009 1054 44
1010 1011 99
1010 1055 72
1011 1012 66
1011 1056 80
1012 1013 29
1012 1057 5
1013 1014 52
1013 1058 78
1014 1015 24
1014 1059 36
1015 1016 36
1015 1060 58
1016 1017 1
1016 1061 64
1017 1018 80
1017 1062 31
1018 1019 19
1018 1063 31
1019 1020 1
1019 1064 35
1020 1021 87
1020 1065 63
1021 1022 29
1021 1066 71
1022 1023 12
1022 1067 22
1023 1024 10
1023 1068 58
1024 1025 58
1024 1069 32
1025 1026 34
1025 1070 78
1026 1027 3
1026 1071 44
1027 1028 69
1027 1072 69
1028 1029 40
1028 1073 81
1029 1030 87
1029 1074 87
1030 1031 56
1030 1075 48
1031 1032 74
1031 1076 41
1032 1033 45
1032 1077 48
1033 1034 75
1033 1078 73
1034 1035 33
1034 1079 44
1035 1080 58
1036 1037 65
1036 1081 65
1037 1038 87
1037 1082 19
1038 1039 30
1038 1083 54
1039 1040 41
1039 1084 1
1040 1041 65
1040 1085 5
1041 1042 39
1041 1086 82
1042 1043 95
1042 1087 11
1043 1044 60
1043 1088 57
1044 1045 20
1044 1089 97
1045 1046 85
1045 1090 16
1046 1047 5
1046 1091 81
1047 1048 12
1047 1092 54
1048 1049 25
1048 1093 69
1049 1050 94
1049 1094 68
1050 1051 60
1050 1095 10
1051 1052 16
1051 1096 26
1052 1053 6
1052 1097 8
1053 1054 71
1053 1098 98
1054 1055 90
1054 1099 39
1055 1056 78
1055 1100 77
1056 1057 82
1056 1101 48
1057 1058 1
1057 1102 80
1058 1059 73
1058 1103 96
1059 1060 33
1059 1104 46
1060 1061 76
1060 1105 37
1061 1062 94
1061 1106 58
1062 1063 11
1062 1107 91
1063 1064 72
1063 1108 14
1064 1065 56
1064 1109 77
1065 1066 12
1065 1110 2
1066 1067 93
1066 1111 47
1067 1068 90
1067 1112 28
1068 1069 60
1068 1113 22
1069 1070 57
1069 1114 63
1070 1071 8
1070 1115 77
1071 1072 24
1071 1116 53
1072 1073 15
1072 1117 92
1073 1074 14
1073 1118 1
1074 1075 66
1074 1119 40
1075 1076 97
1075 1120 82
1076 1077 71
1076 1121 62
1077 1078 25
1077 1122 92
1078 1079 31
1078 1123 47
1079 1080 20
1079 1124 17
1080 1125 69
1081 1082 62
1081 1126 72
1082 1083 10
1082 1127 64
1083 1084 70
1083 1128 75
1084 1085 29
1084 1129 44
1085 1086 52
1085 1130 10
1086 1087 8
1086 1131 80
1087 1088 50
1087 1132 48
1088 1089 44
1088 1133 94
1089 1090 18
1089 1134 72
1090 1091 71
1090 1135 71
1091 1092 79
1091 1136 76
1092 1093 38
1092 1137 71
1093 1094 93
1093 1138 69
1094 1095 33
1094 1139 97
1095 1096 52
1095 1140 43
1096 1097 8
1096 1141 6
1097 1098 96
1097 1142 28
1098 1099 4
1098 1143 28
1099 1100 16
1099 1144 2
1100 1101 39
1100 1145 85
1101 1102 52
1101 1146 68
1102 1103 73
1102 1147 67
1103 1104 83
1103 1148 85
1104 1105 1
1104 1149 67
1105 1106 14
1105 1150 18
1106 1107 93
1106 1151 7
1107 1108 66
1107 1152 79
1108 1109 68
1108 1153 63
1109 1110 63
1109 1154 86
1110 1111 52
1110 1155 46
1111 1112 6
1111 1156 92
1112 1113 92
1112 1157 28
1113 1114 87
1113 1158 70
1114 1115 35
1114 1159 52
1115 1116 94
1115 1160 9
1116 1117 13
1116 1161 66
1117 1118 60
1117 1162 83
1118 1119 86
1118 1163 61
1119 1120 87
1119 1164 81
1120 1121 84
1120 1165 95
1121 1122 83
1121 1166 86
1122 1123 71
1122 1167 25
1123 1124 81
1123 1168 18
1124 1125 72
1124 1169 65
1125 1170 99
1126 1127 15
1126 1171 38
1127 1128 67
1127 1172 91
1128 1129 50
1128 1173 67
1129 1130 25
1129 1174 62
1130 1131 29
1130 1175 72
1131 1132 51
1131 1176 50
1132 1133 58
1132 1177 43
1133 1134 14
1133 1178 55
1134 1135 60
1134 1179 16
1135 1136 41
1135 1180 57
1136 1137 6
1136 1181 88
1137 1138 71
1137 1182 53
1138 1139 11
1138 1183 52
1139 1140 47
1139 1184 43
1140 1141 88
1140 1185 32
1141 1142 78
1141 1186 46
1142 1143 69
1142 1187 51
1143 1144 91
1143 1188 38
1144 1145 48
1144 1189 80
1145 1146 5
1145 1190 6
1146 1147 74
1146 1191 17
1147 1148 48
1147 1192 37
1148 1149 72
1148 1193 8
1149 1150 1
1149 1194 43
1150 1151 45
1150 1195 27
1151 1152 35
1151 1196 70
1152 1153 2
1152 1197 31
1153 1154 78
1153 1198 13
1154 1155 43
1154 1199 86
1155 1156 39
1155 1200 14
1156 1157 95
1156 1201 14
1157 1158 4
1157 1202 53
1158 1159 64
1158 1203 79
1159 1160 21
1159 1204 6
1160 1161 93
1160 1205 64
1161 1162 71
1161 1206 14
1162 1163 9
1162 1207 21
1163 1164 79
1163 1208 21
1164 1165 99
1164 1209 15
1165 1166 94
1165 1210 32
1166 1167 11
1166 1211 31
1167 1168 66
1167 1212 83
1168 1169 9
1168 1213 67
1169 1170 55
1169 1214 22
1170 1215 96
1171 1172 90
1171 1216 75
1172 1173 83
1172 1217 10
1173 1174 12
1173 1218 12
1174 1175 98
1174 1219 30
1175 1176 96
1175 1220 10
1176 1177 34
1176 1221 65
1177 1178 77
1177 1222 64
1178 1179 71
1178 1223 17
1179 1180 63
1179 1224 90
1180 1181 93
1180 1225 35
1181 1182 44
1181 1226 88
1182 1183 54
1182 1227 71
1183 1184 26
1183 1228 49
1184 1185 56
1184 1229 85
1185 1186 50
1185 1230 70
1186 1187 34
1186 1231 50
1187 1188 92
1187 1232 19
1188 1189 9
1188 1233 14
1189 1190 58
1189 1234 15
1190 1191 39
1190 1235 81
1191 1192 4
1191 1236 92
1192 1193 8
1192 1237 61
1193 1194 34
1193 1238 55
1194 1195 18
1194 1239 7
1195 1196 20
1195 1240 12
1196 1197 7
1196 1241 96
1197 1198 36
1197 1242 82
1198 1199 13
1198 1243 36
1199 1200 84
1199 1244 97
1200 1201 40
1200 1245 36
1201 1202 73
1201 1246 39
1202 1203 37
1202 1247 92
1203 1204 38
1203 1248 54
1204 1205 17
1204 1249 11
1205 1206 93
1205 1250 67
1206 1207 94
1206 1251 63
1207 1208 80
1207 1252 33
1208 1209 5
1208 1253 25
1209 1210 39
1209 1254 94
1210 1211 45
1210 1255 25
1211 1212 35
1211 1256 13
1212 1213 52
1212 1257 77
1213 1214 25
1213 1258 61
1214 1215 11
1214 1259 64
1215 1260 63
1216 1217 38
1216 1261 63
1217 1218 67
1217 1262 36
1218 1219 18
1218 1263 70
1219 1220 17
1219 1264 7
1220 1221 49
1220 1265 33
1221 1222 85
1221 1266 62
1222 1223 63
1222 1267 17
1223 1224 100
1223 1268 52
1224 1225 90
1224 1269 19
1225 1226 63
1225 1270 98
1226 1227 33
1226 1271 21
1227 1228 80
1227 1272 6
1228 1229 18
1228 1273 35
1229 1230 28
1229 1274 43
1230 1231 44
1230 1275 62
1231 1232 46
1231 1276 77
1232 1233 86
1232 1277 73
1233 1234 45
1233 1278 95
1234 1235 15
1234 1279 70
1235 1236 12
1235 1280 61
1236 1237 75
1236 1281 87
1237 1238 43
1237 1282 41
1238 1239 30
1238 1283 6
1239 1240 70
1239 1284 37
1240 1241 19
1240 1285 75
1241 1242 53
1241 1286 35
1242 1243 6
1242 1287 94
1243 1244 25
1243 1288 64
1244 1245 31
1244 1289 69
1245 1246 68
1245 1290 34
1246 1247 29
1246 1291 88
1247 1248 97
1247 1292 28
1248 1249 74
1248 1293 36
1249 1250 84
1249 1294 47
1250 1251 88
1250 1295 33
1251 1252 28
1251 1296 76
1252 1253 47
1252 1297 91
1253 1254 83
1253 1298 88
1254 1255 94
1254 1299 14
1255 1256 62
1255 1300 60
1256 1257 68
1256 1301 69
1257 1258 15
1257 1302 99
1258 1259 4
1258 1303 14
1259 1260 87
1259 1304 2
1260 1305 61
1261 1262 67
1261 1306 2
1262 1263 68
1262 1307 43
1263 1264 7
1263 1308 41
1264 1265 54
1264 1309 15
1265 1266 100
1265 1310 30
1266 1267 80
1266 1311 23
1267 1268 43
1267 1312 26
1268 1269 44
1268 1313 56
1269 1270 25
1269 1314 100
1270 1271 69
1270 1315 53
1271 1272 67
1271 1316 31
1272 1273 12
1272 1317 66
1273 1274 88
1273 1318 69
1274 1275 3
1274 1319 28
1275 1276 42
1275 1320 69
1276 1277 49
1276 1321 80
1277 1278 68
1277 1322 1
1278 1279 90
1278 1323 76
1279 1280 38
1279 1324 57
1280 1281 100
1280 1325 27
1281 1282 27
1281 1326 59
1282 1283 46
1282 1327 21
1283 1284 10
1283 1328 12
1284 1285 41
1284 1329 70
1285 1286 90
1285 1330 3
1286 1287 39
1286 1331 72
1287 1288 37
1287 1332 18
1288 1289 12
1288 1333 84
1289 1290 70
1289 1334 84
1290 1291 33
1290 1335 74
1291 1292 54
1291 1336 50
1292 1293 60
1292 1337 86
1293 1294 17
1293 1338 5
1294 1295 69
1294 1339 31
1295 1296 97
1295 1340 10
1296 1297 46
1296 1341 40
1297 1298 15
1297 1342 59
1298 1299 86
1298 1343 13
1299 1300 18
1299 1344 15
1300 1301 100
1300 1345 69
1301 1302 44
1301 1346 82
1302 1303 97
1302 1347 45
1303 1304 95
1303 1348 86
1304 1305 64
1304 1349 45
1305 1350 81
1306 1307 8
1306 1351 58
1307 1308 2
1307 1352 11
1308 1309 94
1308 1353 38
1309 1310 24
1309 1354 12
1310 1311 48
1310 1355 13
1311 1312 84
1311 1356 6
1312 1313 52
1312 1357 19
1313 1314 21
1313 1358 90
1314 1315 5
1314 1359 75
1315 1316 26
1315 1360 81
1316 1317 22
1316 1361 57
1317 1318 69
1317 1362 18
1318 1319 11
1318 1363 62
1319 1320 63
1319 1364 98
1320 1321 72
1320 1365 91
1321 1322 61
1321 1366 39
1322 1323 17
1322 1367 7
1323 1324 19
1323 1368 8
1324 1325 91
1324 1369 93
1325 1326 97
1325 1370 9
1326 1327 10
1326 1371 7
1327 1328 68
1327 1372 80
1328 1329 89
1328 1373 73
1329 1330 61
1329 1374 42
1330 1331 9
1330 1375 58
1331 1332 99
1331 1376 77
1332 1333 73
1332 1377 47
1333 1334 62
1333 1378 10
1334 1335 6
1334 1379 89
1335 1336 68
1335 1380 47
1336 1337 54
1336 1381 24
1337 1338 12
1337 1382 68
1338 1339 9
1338 1383 46
1339 1340 10
1339 1384 67
1340 1341 11
1340 1385 15
1341 1342 71
1341 1386 61
1342 1343 100
1342 1387 78
1343 1344 14
1343 1388 14
1344 1345 52
1344 1389 49
1345 1346 37
1345 1390 77
1346 1347 38
1346 1391 56
1347 1348 52
1347 1392 84
1348 1349 65
1348 1393 79
1349 1350 52
1349 1394 14
1350 1395 21
1351 1352 68
1351 1396 16
1352 1353 38
1352 1397 46
1353 1354 56
1353 1398 66
1354 1355 94
1354 1399 86
1355 1356 65
1355 1400 60
1356 1357 21
1356 1401 88
1357 1358 81
1357 1402 23
1358 1359 58
1358 1403 9
1359 1360 19
1359 1404 32
1360 1361 59
1360 1405 72
1361 1362 67
1361 1406 27
1362 1363 38
1362 1407 54
1363 1364 62
1363 1408 51
1364 1365 13
1364 1409 24
1365 1366 2
1365 1410 100
1366 1367 84
1366 1411 56
1367 1368 14
1367 1412 65
1368 1369 66
1368 1413 39
1369 1370 75
1369 1414 100
1370 1371 69
1370 1415 66
1371 1372 32
1371 1416 7
1372 1373 49
1372 1417 15
1373 1374 49
1373 1418 100
1374 1375 40
1374 1419 25
1375 1376 92
1375 1420 86
1376 1377 65
1376 1421 35
1377 1378 37
1377 1422 43
1378 1379 74
1378 1423 40
1379 1380 18
1379 1424 28
1380 1381 4
1380 1425 28
1381 1382 84
1381 1426 92
1382 1383 49
1382 1427 37
1383 1384 27
1383 1428 86
1384 1385 49
1384 1429 72
1385 1386 34
1385 1430 54
1386 1387 24
1386 1431 44
1387 1388 80
1387 1432 95
1388 1389 47
1388 1433 46
1389 1390 79
1389 1434 28
1390 1391 48
1390 1435 95
1391 1392 66
1391 1436 45
1392 1393 44
1392 1437 94
1393 1394 98
1393 1438 65
1394 1395 18
1394 1439 57
1395 1440 83
1396 1397 91
1396 1441 8
1397 1398 51
1397 1442 49
1398 1399 86
1398 1443 33
1399 1400 64
1399 1444 98
1400 1401 67
1400 1445 58
1401 1402 28
1401 1446 71
1402 1403 75
1402 1447 26
1403 1404 6
1403 1448 88
1404 1405 18
1404 1449 24
1405 1406 70
1405 1450 98
1406 1407 100
1406 1451 86
1407 1408 95
1407 1452 81
1408 1409 4
1408 1453 100
1409 1410 27
1409 1454 68
1410 1411 8
1410 1455 23
1411 1412 61
1411 1456 28
1412 1413 35
1412 1457 57
1413 1414 80
1413 1458 21
1414 1415 60
1414 1459 81
1415 1416 95
1415 1460 53
1416 1417 14
1416 1461 69
1417 1418 10
1417 1462 55
1418 1419 86
1418 1463 75
1419 1420 1
1419 1464 26
1420 1421 24
1420 1465 53
1421 1422 94
1421 1466 71
1422 1423 51
1422 1467 74
1423 1424 38
1423 1468 20
1424 1425 24
1424 1469 25
1425 1426 46
1425 1470 8
1426 1427 43
1426 1471 96
1427 1428 17
1427 1472 46
1428 1429 36
1428 1473 96
1429 1430 80
1429 1474 55
1430 1431 24
1430 1475 57
1431 1432 68
1431 1476 81
1432 1433 83
1432 1477 71
1433 1434 36
1433 1478 30
1434 1435 55
1434 1479 68
1435 1436 84
1435 1480 48
1436 1437 28
1436 1481 35
1437 1438 64
1437 1482 18
1438 1439 76
1438 1483 25
1439 1440 36
1439 1484 58
1440 1485 1
1441 1442 9
1441 1486 84
1442 1443 79
1442 1487 36
1443 1444 81
1443 1488 10
1444 1445 37
1444 1489 72
1445 1446 18
1445 1490 57
1446 1447 10
1446 1491 96
1447 1448 24
1447 1492 100
1448 1449 75
1448 1493 99
1449 1450 36
1449 1494 57
1450 1451 63
1450 1495 58
1451 1452 59
1451 1496 92
1452 1453 38
1452 1497 11
1453 1454 96
1453 1498 25
1454 1455 55
1454 1499 44
1455 1456 88
1455 1500 62
1456 1457 36
1456 1501 80
1457 1458 10
1457 1502 39
1458 1459 99
1458 1503 28
1459 1460 42
1459 1504 24
1460 1461 98
1460 1505 3
1461 1462 46
1461 1506 76
1462 1463 4
1462 1507 29
1463 1464 34
1463 1508 54
1464 1465 99
1464 1509 96
1465 1466 47
1465 1510 19
1466 1467 40
1466 1511 33
1467 1468 25
1467 1512 80
1468 1469 72
1468 1513 46
1469 1470 43
1469 1514 37
1470 1471 71
1470 1515 79
1471 1472 31
1471 1516 40
1472 1473 100
1472 1517 23
1473 1474 62
1473 1518 66
1474 1475 27
1474 1519 32
1475 1476 21
1475 1520 1
1476 1477 85
1476 1521 70
1477 1478 46
1477 1522 97
1478 1479 73
1478 1523 24
1479 1480 76
1479 1524 90
1480 1481 5
1480 1525 50
1481 1482 69
1481 1526 77
1482 1483 11
1482 1527 11
1483 1484 35
1483 1528 20
1484 1485 51
1484 1529 47
1485 1530 91
1486 1487 2
1486 1531 49
1487 1488 8
1487 1532 23
1488 1489 71
1488 1533 11
1489 1490 4
1489 1534 33
1490 1491 59
1490 1535 57
1491 1492 44
1491 1536 60
1492 1493 47
1492 1537 18
1493 1494 67
1493 1538 89
1494 1495 34
1494 1539 6
1495 1496 34
1495 1540 54
1496 1497 92
1496 1541 65
1497 1498 46
1497 1542 24
1498 1499 95
1498 1543 65
1499 1500 79
1499 1544 71
1500 1501 59
1500 1545 91
1501 1502 89
1501 1546 57
1502 1503 4
1502 1547 54
1503 1504 81
1503 1548 62
1504 1505 6
1504 1549 92
1505 1506 99
1505 1550 27
1506 1507 59
1506 1551 5
1507 1508 67
1507 1552 2
1508 1509 70
1508 1553 62
1509 1510 57
1509 1554 23
1510 1511 70
1510 1555 12
1511 1512 65
1511 1556 23
1512 1513 57
1512 1557 57
1513 1514 51
1513 1558 29
1514 1515 71
1514 1559 95
1515 1516 81
1515 1560 72
1516 1517 28
1516 1561 60
1517 1518 95
1517 1562 55
1518 1519 18
1518 1563 99
1519 1520 11
1519 1564 2
1520 1521 7
1520 1565 57
1521 1522 94
1521 1566 77
1522 1523 65
1522 1567 80
1523 1524 10
1523 1568 100
1524 1525 58
1524 1569 94
1525 1526 98
1525 1570 35
1526 1527 98
1526 1571 25
1527 1528 47
1527 1572 40
1528 1529 5
1528 1573 96
1529 1530 68
1529 1574 98
1530 1575 17
1531 1532 33
1531 1576 82
1532 1533 16
1532 1577 99
1533 1534 52
1533 1578 29
1534 1535 79
1534 1579 38
1535 1536 59
1535 1580 95
1536 1537 29
1536 1581 75
1537 1538 97
1537 1582 20
1538 1539 66
1538 1583 29
1539 1540 99
1539 1584 85
1540 1541 57
1540 1585 97
1541 1542 96
1541 1586 68
1542 1543 74
1542 1587 50
1543 1544 70
1543 1588 40
1544 1545 65
1544 1589 36
1545 1546 6
1545 1590 15
1546 1547 64
1546 1591 23
1547 1548 87
1547 1592 70
1548 1549 39
1548 1593 19
1549 1550 33
1549 1594 7
1550 1551 77
1550 1595 40
1551 1552 31
1551 1596 72
1552 1553 6
1552 1597 36
1553 1554 37
1553 1598 86
1554 1555 58
1554 1599 55
1555 1556 19
1555 1600 100
1556 1557 82
1556 1601 3
1557 1558 69
1557 1602 99
1558 1559 41
1558 1603 52
1559 1560 60
1559 1604 70
1560 1561 22
1560 1605 63
1561 1562 9
1561 1606 9
1562 1563 20
1562 1607 90
1563 1564 93
1563 1608 62
1564 1565 66
1564 1609 58
1565 1566 77
1565 1610 1
1566 1567 96
1566 1611 41
1567 1568 45
1567 1612 43
1568 1569 33
1568 1613 42
1569 1570 50
1569 1614 20
1570 1571 8
1570 1615 41
1571 1572 34
1571 1616 13
1572 1573 78
1572 1617 12
1573 1574 92
1573 1618 76
1574 1575 5
1574 1619 84
1575 1620 69
1576 1577 69
1576 1621 97
1577 1578 46
1577 1622 22
1578 1579 74
1578 1623 73
1579 1580 89
1579 1624 81
1580 1581 89
1580 1625 100
1581 1582 41
1581 1626 43
1582 1583 71
1582 1627 25
1583 1584 16
1583 1628 70
1584 1585 46
1584 1629 28
1585 1586 65
1585 1630 49
1586 1587 1
1586 1631 91
1587 1588 96
1587 1632 17
1588 1589 9
1588 1633 61
1589 1590 58
1589 1634 56
1590 1591 46
1590 1635 92
1591 1592 96
1591 1636 15
1592 1593 16
1592 1637 76
1593 1594 6
1593 1638 93
1594 1595 87
1594 1639 99
1595 1596 25
1595 1640 15
1596 1597 77
1596 1641 23
1597 1598 90
1597 1642 47
1598 1599 45
1598 1643 44
1599 1600 23
1599 1644 98
1600 1601 86
1600 1645 22
1601 1602 18
1601 1646 64
1602 1603 100
1602 1647 44
1603 1604 89
1603 1648 3
1604 1605 64
1604 1649 68
1605 1606 11
1605 1650 37
1606 1607 58
1606 1651 70
1607 1608 96
1607 1652 74
1608 1609 75
1608 1653 100
1609 1610 57
1609 1654 13
1610 1611 92
1610 1655 2
1611 1612 8
1611 1656 55
1612 1613 75
1612 1657 61
1613 1614 47
1613 1658 57
1614 1615 1
1614 1659 6
1615 1616 67
1615 1660 13
1616 1617 86
1616 1661 2
1617 1618 17
1617 1662 44
1618 1619 61
1618 1663 59
1619 1620 43
1619 1664 6
1620 1665 75
1621 1622 86
1621 1666 61
1622 1623 83
1622 1667 19
1623 1624 52
1623 1668 25
1624 1625 30
1624 1669 99
1625 1626 25
1625 1670 57
1626 1627 72
1626 1671 64
1627 1628 51
1627 1672 57
1628 1629 40
1628 1673 23
1629 1630 91
1629 1674 7
1630 1631 54
1630 1675 1
1631 1632 73
1631 1676 90
1632 1633 11
1632 1677 41
1633 1634 82
1633 1678 76
1634 1635 85
1634 1679 94
1635 1636 83
1635 1680 19
1636 1637 54
1636 1681 49
1637 1638 89
1637 1682 26
1638 1639 86
1638 1683 64
1639 1640 58
1639 1684 71
1640 1641 55
1640 1685 7
1641 1642 70
1641 1686 10
1642 1643 17
1642 1687 91
1643 1644 27
1643 1688 58
1644 1645 46
1644 1689 97
1645 1646 52
1645 1690 60
1646 1647 54
1646 1691 21
1647 1648 53
1647 1692 72
1648 1649 22
1648 1693 30
1649 1650 20
1649 1694 13
1650 1651 14
1650 1695 25
1651 1652 27
1651 1696 65
1652 1653 19
1652 1697 78
1653 1654 31
1653 1698 62
1654 1655 48
1654 1699 52
1655 1656 92
1655 1700 29
1656 1657 6
1656 1701 49
1657 1658 81
1657 1702 7
1658 1659 93
1658 1703 2
1659 1660 29
1659 1704 86
1660 1661 73
1660 1705 15
1661 1662 42
1661 1706 4
1662 1663 31
1662 1707 70
1663 1664 4
1663 1708 43
1664 1665 29
1664 1709 2
1665 1710 85
1666 1667 13
1666 1711 24
1667 1668 68
1667 1712 35
1668 1669 25
1668 1713 97
1669 1670 19
1669 1714 98
1670 1671 32
1670 1715 14
1671 1672 12
1671 1716 87
1672 1673 51
1672 1717 43
1673 1674 42
1673 1718 57
1674 1675 37
1674 1719 42
1675 1676 59
1675 1720 30
1676 1677 6
1676 1721 10
1677 1678 1
1677 1722 1
1678 1679 93
1678 1723 100
1679 1680 5
1679 1724 84
1680 1681 62
1680 1725 34
1681 1682 34
1681 1726 11
1682 1683 47
1682 1727 77
1683 1684 20
1683 1728 90
1684 1685 58
1684 1729 69
1685 1686 96
1685 1730 83
1686 1687 40
1686 1731 78
1687 1688 34
1687 1732 28
1688 1689 61
1688 1733 29
1689 1690 51
1689 1734 88
1690 1691 78
1690 1735 91
1691 1692 28
1691 1736 46
1692 1693 32
1692 1737 51
1693 1694 72
1693 1738 39
1694 1695 18
1694 1739 70
1695 1696 47
1695 1740 44
1696 1697 14
1696 1741 81
1697 1698 14
1697 1742 82
1698 1699 78
1698 1743 93
1699 1700 80
1699 1744 1
1700 1701 94
1700 1745 47
1701 1702 27
1701 1746 35
1702 1703 95
1702 1747 60
1703 1704 86
1703 1748 9
1704 1705 91
1704 1749 4
1705 1706 15
1705 1750 99
1706 1707 22
1706 1751 40
1707 1708 98
1707 1752 43
1708 1709 31
1708 1753 40
1709 1710 59
1709 1754 84
1710 1755 74
1711 1712 90
1711 1756 83
1712 1713 63
1712 1757 76
1713 1714 100
1713 1758 39
1714 1715 38
1714 1759 18
1715 1716 28
1715 1760 12
1716 1717 33
1716 1761 60
1717 1718 53
1717 1762 21
1718 1719 34
1718 1763 16
1719 1720 20
1719 1764 73
1720 1721 4
1720 1765 15
1721 1722 72
1721 1766 77
1722 1723 26
1722 1767 64
1723 1724 68
1723 1768 9
1724 1725 36
1724 1769 51
1725 1726 45
1725 1770 86
1726 1727 34
1726 1771 73
1727 1728 75
1727 1772 31
1728 1729 12
1728 1773 78
1729 1730 91
1729 1774 40
1730 1731 47
1730 1775 60
1731 1732 36
1731 1776 100
1732 1733 28
1732 1777 77
1733 1734 26
1733 1778 81
1734 1735 94
1734 1779 44
1735 1736 38
1735 1780 13
1736 1737 83
1736 1781 15
1737 1738 75
1737 1782 89
1738 1739 2
1738 1783 58
1739 1740 61
1739 1784 6
1740 1741 28
1740 1785 6
1741 1742 57
1741 1786 72
1742 1743 90
1742 1787 65
1743 1744 2
1743 1788 79
1744 1745 94
1744 1789 9
1745 1746 5
1745 1790 9
1746 1747 82
1746 1791 98
1747 1748 83
1747 1792 50
1748 1749 31
1748 1793 21
1749 1750 24
1749 1794 50
1750 1751 7
1750 1795 2
1751 1752 67
1751 1796 22
1752 1753 64
1752 1797 64
1753 1754 38
1753 1798 7
1754 1755 54
1754 1799 92
1755 1800 96
1756 1757 93
1756 1801 28
1757 1758 55
1757 1802 64
1758 1759 25
1758 1803 22
1759 1760 86
1759 1804 78
1760 1761 45
1760 1805 70
1761 1762 20
1761 1806 71
1762 1763 4
1762 1807 79
1763 1764 87
1763 1808 31
1764 1765 86
1764 1809 5
1765 1766 25
1765 1810 59
1766 1767 56
1766 1811 85
1767 1768 81
1767 1812 49
1768 1769 52
1768 1813 58
1769 1770 82
1769 1814 51
1770 1771 25
1770 1815 50
1771 1772 27
1771 1816 35
1772 1773 89
1772 1817 25
1773 1774 2
1773 1818 94
1774 1775 11
1774 1819 64
1775 1776 93
1775 1820 44
1776 1777 66
1776 1821 37
1777 1778 85
1777 1822 34
1778 1779 75
1778 1823 84
1779 1780 72
1779 1824 1
1780 1781 84
1780 1825 11
1781 1782 59
1781 1826 38
1782 1783 18
1782 1827 36
1783 1784 32
1783 1828 43
1784 1785 87
1784 1829 95
1785 1786 43
1785 1830 41
1786 1787 15
1786 1831 70
1787 1788 88
1787 1832 17
1788 1789 83
1788 1833 67
1789 1790 57
1789 1834 84
1790 1791 19
1790 1835 12
1791 1792 21
1791 1836 55
1792 1793 45
1792 1837 33
1793 1794 10
1793 1838 21
1794 1795 45
1794 1839 14
1795 1796 17
1795 1840 71
1796 1797 58
1796 1841 37
1797 1798 82
1797 1842 26
1798 1799 72
1798 1843 23
1799 1800 50
1799 1844 81
1800 1845 45
1801 1802 85
1801 1846 99
1802 1803 48
1802 1847 17
1803 1804 67
1803 1848 48
1804 1805 86
1804 1849 29
1805 1806 40
1805 1850 68
1806 1807 96
1806 1851 66
1807 1808 24
1807 1852 89
1808 1809 67
1808 1853 99
1809 1810 24
1809 1854 7
1810 1811 42
1810 1855 9
1811 1812 52
1811 1856 65
1812 1813 86
1812 1857 77
1813 1814 83
1813 1858 45
1814 1815 99
1814 1859 69
1815 1816 100
1815 1860 88
1816 1817 2
1816 1861 97
1817 1818 50
1817 1862 5
1818 1819 98
1818 1863 25
1819 1820 70
1819 1864 33
1820 1821 67
1820 1865 4
1821 1822 64
1821 1866 81
1822 1823 16
1822 1867 95
1823 1824 3
1823 1868 9
1824 1825 25
1824 1869 3
1825 1826 44
1825 1870 68
1826 1827 42
1826 1871 15
1827 1828 28
1827 1872 42
1828 1829 99
1828 1873 49
1829 1830 29
1829 1874 70
1830 1831 43
1830 1875 12
1831 1832 55
1831 1876 39
1832 1833 21
1832 1877 79
1833 1834 47
1833 1878 75
1834 1835 34
1834 1879 70
1835 1836 97
1835 1880 75
1836 1837 42
1836 1881 82
1837 1838 27
1837 1882 40
1838 1839 86
1838 1883 90
1839 1840 73
1839 1884 4
1840 1841 16
1840 1885 98
1841 1842 30
1841 1886 22
1842 1843 31
1842 1887 22
1843 1844 41
1843 1888 29
1844 1845 14
1844 1889 32
1845 1890 85
1846 1847 8
1846 1891 39
1847 1848 92
1847 1892 36
1848 1849 32
1848 1893 24
1849 1850 20
1849 1894 23
1850 1851 29
1850 1895 87
1851 1852 36
1851 1896 82
1852 1853 86
1852 1897 7
1853 1854 9
1853 1898 87
1854 1855 93
1854 1899 4
1855 1856 70
1855 1900 79
1856 1857 5
1856 1901 73
1857 1858 76
1857 1902 56
1858 1859 6
1858 1903 47
1859 1860 23
1859 1904 44
1860 1861 62
1860 1905 79
1861 1862 80
1861 1906 85
1862 1863 34
1862 1907 2
1863 1864 78
1863 1908 35
1864 1865 16
1864 1909 81
1865 1866 41
1865 1910 66
1866 1867 49
1866 1911 75
1867 1868 83
1867 1912 95
1868 1869 6
1868 1913 18
1869 1870 87
1869 1914 41
1870 1871 11
1870 1915 46
1871 1872 72
1871 1916 85
1872 1873 46
1872 1917 70
1873 1874 36
1873 1918 58
1874 1875 91
1874 1919 16
1875 1876 96
1875 1920 4
1876 1877 24
1876 1921 83
1877 1878 9
1877 1922 48
1878 1879 47
1878 1923 98
1879 1880 36
1879 1924 49
1880 1881 83
1880 1925 13
1881 1882 8
1881 1926 20
1882 1883 36
1882 1927 5
1883 1884 39
1883 1928 65
1884 1885 81
1884 1929 75
1885 1886 25
1885 1930 51
1886 1887 16
1886 1931 73
1887 1888 27
1887 1932 65
1888 1889 9
1888 1933 36
1889 1890 6
1889 1934 33
1890 1935 66
1891 1892 80
1891 1936 19
1892 1893 99
1892 1937 44
1893 1894 13
1893 1938 80
1894 1895 14
1894 1939 41
1895 1896 56
1895 1940 7
1896 1897 35
1896 1941 91
1897 1898 66
1897 1942 4
1898 1899 16
1898 1943 30
1899 1900 94
1899 1944 40
1900 1901 59
1900 1945 18
1901 1902 61
1901 1946 7
1902 1903 35
1902 1947 24
1903 1904 79
1903 1948 86
1904 1905 31
1904 1949 46
1905 1906 43
1905 1950 89
1906 1907 40
1906 1951 39
1907 1908 60
1907 1952 96
1908 1909 2
1908 1953 45
1909 1910 97
1909 1954 88
1910 1911 88
1910 1955 56
1911 1912 75
1911 1956 50
1912 1913 96
1912 1957 74
1913 1914 38
1913 1958 50
1914 1915 25
1914 1959 98
1915 1916 84
1915 1960 21
1916 1917 59
1916 1961 97
1917 1918 51
1917 1962 81
1918 1919 45
1918 1963 97
1919 1920 20
1919 1964 72
1920 1921 83
1920 1965 75
1921 1922 89
1921 1966 10
1922 1923 96
1922 1967 28
1923 1924 18
1923 1968 94
1924 1925 63
1924 1969 24
1925 1926 89
1925 1970 1
1926 1927 95
1926 1971 39
1927 1928 83
1927 1972 92
1928 1929 26
1928 1973 69
1929 1930 42
1929 1974 99
1930 1931 52
1930 1975 98
1931 1932 89
1931 1976 43
1932 1933 97
1932 1977 99
1933 1934 60
1933 1978 51
1934 1935 67
1934 1979 66
1935 1980 19
1936 1937 20
1936 1981 80
1937 1938 56
1937 1982 60
1938 1939 53
1938 1983 93
1939 1940 40
1939 1984 28
1940 1941 40
1940 1985 15
1941 1942 57
1941 1986 74
1942 1943 90
1942 1987 16
1943 1944 88
1943 1988 46
1944 1945 47
1944 1989 52
1945 1946 1
1945 1990 61
1946 1947 29
1946 1991 81
1947 1948 44
1947 1992 12
1948 1949 99
1948 1993 34
1949 1950 70
1949 1994 78
1950 1951 84
1950 1995 51
1951 1952 68
1951 1996 47
1952 1953 15
1952 1997 32
1953 1954 75
1953 1998 11
1954 1955 60
1954 1999 4
1955 1956 68
1955 2000 22
1956 1957 28
1956 2001 70
1957 1958 27
1957 2002 82
1958 1959 88
1958 2003 27
1959 1960 60
1959 2004 62
1960 1961 1
1960 2005 55
1961 1962 66
1961 2006 67
1962 1963 31
1962 2007 2
1963 1964 92
1963 2008 34
1964 1965 67
1964 2009 59
1965 1966 47
1965 2010 13
1966 1967 38
1966 2011 2
1967 1968 22
1967 2012 84
1968 1969 6
1968 2013 31
1969 1970 11
1969 2014 4
1970 1971 3
1970 2015 79
1971 1972 72
1971 2016 90
1972 1973 27
1972 2017 82
1973 1974 40
1973 2018 30
1974 1975 44
1974 2019 21
1975 1976 15
1975 2020 56
1976 1977 67
1976 2021 66
1977 1978 100
1977 2022 27
1978 1979 25
1978 2023 9
1979 1980 13
1979 2024 58
1980 2025 73
1981 1982 89
1982 1983 17
1983 1984 55
1984 1985 21
1985 1986 15
1986 1987 10
1987 1988 18
1988 1989 79
1989 1990 13
1990 1991 17
1991 1992 14
1992 1993 39
1993 1994 58
1994 1995 24
1995 1996 12
1996 1997 12
1997 1998 32
1998 1999 89
1999 2000 57
2000 2001 76
2001 2002 62
2002 2003 16
2003 2004 61
2004 2005 15
2005 2006 43
2006 2007 81
2007 2008 96
2008 2009 15
2009 2010 47
2010 2011 50
2011 2012 5
2012 2013 54
2013 2014 13
2014 2015 92
2015 2016 90
2016 2017 38
2017 2018 68
2018 2019 11
2019 2020 32
2020 2021 42
2021 2022 6
2022 2023 26
2023 2024 71
2024 2025 68
