1000 5000
1 2 62
1 428 94
1 491 49
1 678 88
1 745 97
1 540 71
1 871 43
1 601 72
1 273 52
1 837 93
1 238 89
2 3 53
2 504 32
2 610 68
2 246 15
3 4 50
3 280 72
3 387 1
3 149 97
3 146 20
3 724 61
3 129 62
4 5 92
4 528 92
4 904 71
4 572 82
4 312 22
5 6 85
5 326 9
5 174 67
5 435 12
5 801 19
5 680 100
6 7 39
6 393 73
6 779 23
6 269 72
6 375 40
6 774 10
6 749 73
7 8 89
7 884 62
7 520 39
8 9 9
8 154 46
8 842 80
9 10 95
9 516 96
9 546 71
9 943 10
9 795 69
9 58 56
9 860 71
10 11 90
10 804 57
10 699 26
10 883 16
10 839 33
10 518 18
10 88 71
10 195 16
11 12 91
11 292 9
11 386 77
11 849 1
11 526 6
11 1 22
11 460 44
12 13 90
12 922 31
12 873 99
12 906 54
13 14 79
13 496 50
13 672 72
13 587 42
13 186 46
14 15 42
14 318 40
14 733 53
14 299 96
14 732 37
14 453 76
14 755 39
15 16 38
15 851 89
15 974 5
15 891 31
16 17 58
16 77 90
16 675 79
16 146 78
17 18 56
17 996 62
17 655 80
17 5 31
18 19 32
18 715 71
18 974 68
18 377 69
18 999 99
19 20 8
19 466 34
19 73 3
19 415 91
20 21 86
20 885 95
20 327 7
20 975 1
20 182 84
21 22 70
21 675 57
21 271 75
21 124 77
21 379 89
22 23 34
22 605 66
22 981 83
22 863 86
23 24 77
23 201 30
23 398 65
23 958 41
23 319 26
23 100 98
23 421 68
24 25 70
24 964 24
24 200 55
25 26 3
25 612 69
25 966 63
25 695 67
25 39 76
25 500 79
26 27 68
26 502 93
26 375 18
26 653 53
26 421 48
26 534 76
26 98 2
27 28 61
27 889 6
27 708 29
27 928 79
28 29 83
28 783 84
28 360 23
28 224 48
28 741 53
28 366 92
28 537 50
29 30 37
29 420 6
29 702 62
29 993 36
29 401 18
30 31 81
30 293 79
30 612 12
31 32 53
31 246 54
31 468 43
31 513 64
31 8 93
31 362 48
32 33 69
32 422 42
32 992 60
32 969 44
33 34 79
33 963 53
33 979 78
33 882 21
34 35 52
34 396 96
34 642 7
34 163 68
34 305 92
34 166 7
35 36 69
35 403 6
35 605 49
35 794 54
36 37 19
36 124 99
36 979 14
36 905 46
37 38 92
37 580 55
37 262 21
37 564 87
37 725 8
38 39 98
38 557 11
38 19 40
38 870 40
38 753 22
38 153 18
39 40 93
39 477 41
40 41 22
40 872 54
40 131 2
40 992 74
40 868 7
40 850 42
40 457 75
41 42 10
41 45 45
41 79 19
41 953 3
41 333 66
41 990 90
41 177 9
41 987 39
41 685 22
42 43 79
42 786 6
42 61 56
42 486 92
42 39 43
42 343 69
43 44 37
43 251 24
43 686 82
44 45 6
44 91 21
44 437 18
44 390 65
44 947 26
44 317 92
44 522 17
45 46 13
45 235 57
45 961 15
45 375 73
45 888 42
45 696 46
46 47 44
46 442 28
46 189 22
47 48 83
47 820 30
47 161 93
47 337 4
47 701 33
48 49 19
48 374 44
48 806 31
48 45 18
48 63 48
48 490 59
48 645 57
49 50 56
49 594 70
49 172 100
50 51 60
50 1 64
50 438 8
51 52 80
51 515 43
51 70 66
51 142 64
51 141 75
51 701 56
51 289 87
52 53 37
52 831 19
52 745 16
52 45 87
52 286 27
52 303 86
53 54 72
53 714 71
53 791 23
53 496 95
53 310 2
53 888 67
53 67 95
53 333 28
54 55 37
54 396 1
54 325 69
54 971 70
54 513 24
54 947 22
54 919 70
55 56 99
55 691 36
55 189 15
55 940 83
56 57 18
56 394 77
56 818 19
56 867 48
56 767 18
56 374 80
56 111 99
56 60 89
57 58 24
57 597 76
57 258 30
58 59 75
58 865 85
58 261 70
58 903 34
58 164 57
59 60 16
59 62 53
59 728 6
60 61 67
60 369 59
60 566 65
61 62 14
61 300 18
61 218 11
61 70 26
61 217 30
61 998 28
61 863 17
61 916 13
62 63 19
62 387 53
62 403 46
62 813 64
62 291 60
62 283 1
62 134 57
63 64 27
63 212 34
63 436 40
63 734 57
63 751 6
64 65 58
64 995 37
64 999 29
64 119 73
64 706 90
65 66 80
65 547 82
65 395 44
65 379 61
65 769 92
65 180 27
66 67 58
66 829 89
66 584 35
67 68 64
67 928 39
67 552 42
67 891 86
67 629 10
67 94 44
68 69 32
68 606 78
68 1000 73
69 70 90
69 554 96
69 122 85
69 47 3
69 692 100
70 71 24
70 275 72
70 311 86
70 199 95
70 234 59
71 72 34
71 127 66
71 27 21
71 683 71
71 457 19
71 43 53
71 251 12
71 692 24
72 73 6
72 950 32
72 622 50
73 74 33
73 23 67
73 346 94
73 794 45
73 22 9
73 134 9
74 75 2
74 798 81
74 955 66
74 892 71
75 76 66
75 797 23
75 81 41
75 309 56
75 125 51
76 77 86
76 801 60
76 907 91
76 95 48
76 97 30
77 78 99
77 825 38
77 412 86
77 752 61
78 79 20
78 325 39
78 639 27
78 136 84
78 41 73
78 699 78
78 539 20
79 80 90
79 314 77
79 23 90
79 48 22
79 406 73
79 887 98
80 81 86
80 12 15
80 15 58
80 338 76
80 733 87
80 823 80
80 774 18
81 82 26
81 345 85
81 662 39
81 904 32
81 444 49
82 83 1
82 448 24
82 21 94
82 596 43
82 849 7
83 84 96
83 979 55
83 494 33
84 85 2
84 345 52
84 212 6
84 274 51
84 736 88
84 12 24
85 86 39
85 465 100
85 306 35
85 601 62
86 87 55
86 353 71
86 780 10
87 88 10
87 691 8
87 914 6
87 409 4
87 48 76
88 89 72
88 299 75
88 353 85
88 614 17
88 511 32
89 90 56
89 952 36
89 993 84
89 438 38
89 126 59
89 303 90
89 808 69
90 91 84
90 258 28
90 381 48
90 562 92
90 511 47
90 87 46
90 710 51
90 220 51
90 569 22
90 763 26
90 773 29
90 328 82
91 92 96
91 988 18
91 184 59
91 249 76
92 93 99
92 977 44
92 812 33
92 549 45
92 956 40
92 690 94
92 443 57
93 94 60
93 805 89
93 552 98
93 874 84
93 500 78
94 95 59
94 39 28
94 104 12
95 96 86
95 312 78
95 750 52
95 819 68
95 183 38
95 599 19
96 97 14
96 273 70
96 575 2
96 940 76
96 374 35
97 98 19
97 721 34
97 401 3
97 317 21
97 888 17
97 275 50
98 99 17
98 156 69
98 675 23
98 115 6
98 853 73
98 212 55
98 113 2
98 890 73
98 395 51
98 456 71
98 50 3
99 100 65
99 344 52
99 602 40
99 138 96
100 101 67
100 672 77
100 981 93
100 489 15
100 102 4
100 952 69
100 669 96
100 845 63
100 459 79
100 611 97
101 102 91
101 111 46
101 436 18
102 103 95
102 304 8
102 943 92
103 104 95
103 571 31
103 598 10
103 445 48
103 310 39
103 933 96
103 625 58
104 105 76
105 106 57
105 974 9
105 522 18
105 702 79
106 107 72
106 564 74
106 820 29
107 108 98
107 138 63
107 755 78
107 279 56
107 688 68
108 109 71
108 553 34
108 246 73
108 862 59
109 110 71
109 775 22
109 887 79
109 614 65
110 111 20
110 342 64
110 290 6
110 480 70
110 420 84
111 112 98
111 205 85
111 748 36
111 540 4
111 80 60
111 583 84
111 753 6
112 113 43
113 114 32
113 751 44
113 422 54
113 908 75
113 910 92
113 240 12
114 115 73
114 797 67
114 865 31
115 116 79
115 816 66
115 282 49
116 117 45
116 94 59
116 804 84
116 602 5
116 160 71
116 227 45
117 118 32
117 456 95
117 214 66
117 83 37
118 119 8
118 514 3
118 677 65
118 542 37
118 962 57
118 31 28
118 705 20
119 120 46
119 915 70
119 659 75
119 270 19
120 121 72
120 271 62
120 248 29
120 208 46
121 122 93
121 578 20
121 948 3
121 995 88
121 976 70
122 123 38
122 595 64
122 561 22
122 142 24
122 41 25
122 625 7
122 839 63
122 478 24
122 657 33
123 124 16
123 269 26
123 478 61
123 952 46
123 381 41
124 125 59
124 569 73
124 649 45
124 800 12
124 908 34
124 152 37
124 700 18
124 73 58
125 126 34
125 647 65
125 670 42
125 424 54
125 631 80
125 542 49
125 243 27
126 127 55
126 752 80
126 203 41
127 128 9
127 338 72
127 156 71
127 999 17
128 129 62
128 272 38
128 60 78
128 508 84
128 869 43
129 130 63
129 889 51
129 838 6
129 250 97
129 745 32
129 621 33
129 784 38
129 988 52
129 109 68
129 434 1
130 131 17
130 391 12
130 21 10
130 258 59
131 132 98
131 939 31
131 701 30
131 264 98
131 675 96
132 133 66
132 467 93
133 134 96
133 683 50
133 322 25
134 135 1
134 301 39
135 136 33
135 440 67
135 224 82
135 626 8
135 93 13
135 512 11
136 137 82
136 646 21
136 321 64
136 204 27
136 644 89
136 295 20
137 138 54
137 541 23
137 793 14
137 64 37
137 678 57
137 7 23
138 139 76
138 799 83
138 701 52
139 140 21
139 559 62
139 27 67
139 762 83
139 716 99
140 141 20
140 159 43
140 348 14
140 471 78
140 957 93
141 142 98
141 296 36
141 189 48
141 409 29
141 522 43
141 214 80
142 143 92
142 670 93
142 774 2
142 382 32
142 949 15
143 144 40
143 715 27
143 882 79
143 896 5
144 145 80
144 869 57
145 146 71
145 797 62
145 868 31
145 189 5
145 262 97
145 873 15
146 147 39
146 320 72
146 558 33
146 493 14
146 723 53
146 1000 6
147 148 80
147 339 24
147 810 19
147 264 84
147 149 82
147 654 25
148 149 28
148 409 74
148 603 4
148 653 94
148 430 60
148 778 43
149 150 4
149 146 54
149 521 13
149 380 69
149 78 85
150 151 44
150 258 46
151 152 94
151 797 43
151 619 100
151 118 49
151 523 49
152 153 3
152 977 89
152 603 42
152 728 25
153 154 18
153 472 8
153 718 97
154 155 11
154 886 96
154 209 37
154 486 72
154 625 30
155 156 97
155 383 34
155 75 7
155 695 64
155 139 18
155 394 1
156 157 23
156 449 41
156 194 94
157 158 83
157 550 15
157 145 98
157 680 37
157 884 86
158 159 69
158 842 26
158 725 50
158 113 75
158 865 75
158 170 9
159 160 40
159 756 82
159 812 1
160 161 51
160 992 44
160 946 75
160 520 63
160 345 9
160 90 54
161 162 3
161 796 96
161 327 86
161 411 40
161 783 94
162 163 13
162 752 18
162 992 13
162 839 26
162 279 36
162 206 100
163 164 82
163 911 63
163 822 80
163 484 35
163 549 97
164 165 55
164 491 94
164 342 100
164 751 76
164 668 85
164 841 2
164 852 94
165 166 97
165 640 62
165 190 18
165 635 11
165 560 78
166 167 83
166 273 17
167 168 62
167 424 57
167 437 8
167 47 61
167 362 45
168 169 31
168 53 34
168 97 66
168 854 58
169 170 38
169 279 39
169 119 64
169 343 58
169 990 10
169 972 100
170 171 43
170 54 73
171 172 68
171 178 53
171 240 74
171 91 25
172 173 80
172 79 35
172 873 14
172 858 96
173 174 30
173 788 95
173 505 95
173 83 60
173 881 28
173 136 18
173 970 75
174 175 86
174 692 80
174 608 25
174 859 58
174 382 91
174 121 92
174 906 42
175 176 81
175 582 17
175 748 47
176 177 73
176 258 76
176 710 19
176 530 33
177 178 93
177 443 38
177 881 70
178 179 55
178 181 56
178 710 46
178 671 28
178 341 76
179 180 55
179 400 34
179 697 60
179 341 20
179 449 33
179 859 56
179 94 55
180 181 67
181 182 14
181 689 76
181 285 24
181 184 41
181 178 83
181 982 12
181 17 89
182 183 94
182 89 76
182 740 36
182 44 83
182 694 53
182 851 25
182 972 98
182 626 94
182 133 18
183 184 69
183 722 95
183 305 71
183 231 53
184 185 63
184 910 20
184 673 73
184 765 73
184 524 66
184 112 14
185 186 85
185 917 22
185 446 17
185 853 73
186 187 95
186 923 79
186 847 28
186 517 4
186 409 84
187 188 42
187 605 48
187 267 45
187 690 23
187 191 16
188 189 97
188 885 21
188 953 64
188 306 9
189 190 71
189 898 26
189 731 42
189 796 69
189 111 80
190 191 96
190 201 88
190 531 68
190 305 95
190 866 37
190 419 87
191 192 84
191 890 43
191 159 36
192 193 30
192 182 7
192 658 87
192 372 62
192 83 58
193 194 45
193 867 6
193 159 23
193 463 99
193 467 14
193 983 22
193 915 34
193 369 56
193 492 45
193 632 23
194 195 5
194 703 48
194 338 70
194 758 30
194 207 26
195 196 98
195 189 86
195 558 7
195 809 79
196 197 83
196 54 19
196 493 17
197 198 13
197 890 95
197 650 6
197 477 68
197 87 76
197 582 10
197 710 65
197 873 75
197 589 43
197 67 39
197 433 86
198 199 46
198 851 38
198 707 97
198 936 1
199 200 40
199 579 16
200 201 80
200 302 26
200 31 2
200 651 52
200 387 34
200 273 46
200 170 24
200 311 65
201 202 100
201 347 6
201 398 81
201 825 47
201 952 32
201 961 89
201 764 6
201 359 39
202 203 8
202 77 74
202 337 8
202 473 81
202 1 24
202 603 39
203 204 15
203 580 30
204 205 95
204 735 49
204 671 37
205 206 81
205 405 64
205 622 96
205 485 10
206 207 79
206 57 42
206 684 6
206 115 44
206 385 83
206 632 76
206 238 75
206 486 69
207 208 74
207 752 14
207 997 3
207 131 29
208 209 62
208 82 7
208 315 33
208 679 46
209 210 4
209 170 62
209 376 10
210 211 48
210 226 37
211 212 94
211 68 12
211 829 77
211 22 19
211 383 19
211 437 31
211 1000 18
211 402 2
212 213 9
212 866 64
212 123 51
212 251 49
212 685 73
212 810 5
212 960 29
212 255 90
212 8 93
212 376 12
212 879 62
213 214 10
213 233 23
213 835 57
213 413 79
213 549 90
213 805 22
214 215 6
214 195 52
214 136 62
214 927 72
214 26 37
214 323 1
214 714 86
214 189 25
215 216 95
215 795 30
215 242 83
215 670 12
216 217 9
216 813 17
216 245 29
216 892 41
216 173 53
216 246 32
216 790 80
217 218 48
217 346 46
217 268 13
217 451 13
217 756 80
217 916 49
218 219 90
218 502 58
219 220 18
219 324 60
219 883 41
219 52 56
219 488 14
219 535 7
220 221 18
220 782 99
220 121 86
220 133 89
220 60 83
220 607 9
220 156 78
220 573 60
221 222 38
221 314 66
221 608 36
222 223 77
222 550 50
222 128 73
223 224 85
223 654 71
223 917 22
224 225 78
224 733 63
224 247 83
224 674 45
224 518 29
224 33 44
224 792 46
224 650 10
225 226 74
225 255 42
226 227 68
226 390 27
226 91 89
226 598 16
226 825 2
226 823 100
226 513 38
227 228 35
227 526 96
227 994 16
227 805 91
227 672 92
228 229 92
228 621 52
228 351 17
228 811 34
228 839 5
228 572 92
229 230 33
229 853 55
229 799 75
229 586 20
229 110 18
230 231 35
230 251 21
230 827 36
230 552 63
230 364 19
231 232 74
231 256 44
231 522 44
231 204 34
231 296 99
232 233 42
233 234 92
234 235 51
234 672 4
234 856 93
235 236 97
235 215 27
235 480 89
235 5 42
235 331 16
235 359 20
236 237 83
236 779 67
236 885 69
236 146 59
236 740 83
236 503 59
236 2 60
236 355 87
236 697 15
236 635 74
237 238 75
237 964 21
238 239 62
238 848 5
238 260 54
238 677 1
239 240 87
239 460 46
239 737 23
239 672 59
239 273 70
239 27 8
239 788 51
239 302 80
239 880 34
240 241 51
240 114 6
240 668 39
240 887 14
240 926 68
240 212 49
240 152 24
240 116 74
241 242 66
241 684 71
242 243 97
242 657 41
243 244 9
243 990 5
243 720 50
243 765 98
243 927 9
244 245 28
244 281 72
245 246 98
245 908 29
245 196 89
245 305 43
245 473 69
245 861 7
246 247 19
246 577 47
246 645 83
246 256 33
246 474 73
247 248 90
247 351 40
247 968 23
247 685 87
247 168 63
247 66 53
247 392 76
247 14 53
247 121 79
247 943 36
248 249 67
248 779 76
249 250 56
249 280 99
249 989 26
249 778 71
250 251 77
250 146 2
250 246 12
250 145 92
251 252 19
251 566 57
251 453 77
251 836 66
252 253 10
252 727 67
252 128 13
252 878 86
252 206 67
253 254 26
253 176 21
253 69 12
253 938 29
253 640 86
253 149 24
254 255 65
254 955 1
254 488 9
254 72 59
254 361 64
254 117 87
254 260 89
254 852 16
254 171 94
255 256 22
255 927 1
255 225 54
255 88 3
255 704 5
256 257 68
256 841 27
256 247 43
256 338 91
256 341 10
256 822 16
256 665 10
256 524 38
257 258 1
257 150 3
257 328 82
257 317 45
258 259 56
258 775 61
258 37 79
258 788 2
258 315 63
258 538 81
259 260 19
259 154 79
259 382 2
259 97 80
259 723 52
259 51 56
260 261 40
260 654 66
260 791 67
260 428 40
261 262 35
261 87 66
261 28 60
261 448 70
261 739 83
261 933 23
261 719 46
261 583 5
261 381 59
262 263 94
262 748 1
262 975 78
263 264 32
263 80 23
263 439 20
264 265 59
264 391 87
264 414 16
264 517 92
265 266 70
265 76 66
266 267 9
266 188 75
266 801 16
266 489 74
267 268 45
267 99 98
267 143 71
267 112 38
268 269 24
268 428 32
268 796 8
268 21 98
269 270 46
269 759 18
269 834 55
269 257 23
270 271 40
270 786 35
270 486 34
270 755 61
270 170 40
271 272 48
271 871 18
271 824 8
272 273 15
272 954 10
272 804 62
272 733 74
272 832 74
273 274 54
273 801 1
273 804 14
273 956 6
274 275 1
274 462 10
274 474 26
274 771 54
274 270 74
274 635 2
274 904 100
275 276 85
275 614 56
275 998 100
275 676 35
275 224 22
276 277 13
276 660 41
276 729 34
276 364 67
276 158 20
277 278 57
277 523 92
277 438 78
277 765 37
277 143 51
278 279 89
278 103 53
278 740 60
278 952 96
278 129 96
278 361 94
279 280 11
279 650 56
279 911 9
279 934 25
279 205 71
279 658 47
279 743 30
280 281 58
280 168 34
280 514 21
280 485 57
280 366 55
281 282 34
281 221 64
281 53 34
282 283 86
282 783 79
282 871 3
282 375 34
282 168 32
282 198 34
282 757 79
282 324 8
282 918 29
283 284 82
283 351 78
283 507 85
283 239 32
283 261 25
283 435 80
283 709 31
283 259 75
283 582 8
284 285 35
284 625 79
284 976 29
284 355 5
284 661 6
284 176 6
285 286 74
285 430 48
285 173 43
286 287 45
286 864 74
286 206 83
286 719 39
287 288 68
287 321 89
287 292 34
287 674 67
287 629 3
287 867 78
287 778 10
287 521 25
288 289 52
288 145 9
288 645 85
288 955 85
288 998 14
288 815 29
288 597 35
288 278 36
288 41 31
288 247 56
288 334 90
289 290 45
289 578 12
289 467 39
289 410 34
289 930 95
289 928 3
290 291 63
290 812 46
291 292 85
291 62 16
291 518 46
291 241 82
292 293 62
292 772 42
292 718 85
293 294 91
293 414 5
293 261 98
293 530 78
293 832 60
294 295 68
294 44 20
294 961 11
294 176 84
294 575 64
294 409 49
294 115 32
294 88 68
295 296 6
295 67 32
295 579 8
295 255 23
296 297 71
296 155 80
296 210 13
296 49 8
297 298 81
297 834 78
297 779 73
297 595 3
297 667 9
298 299 87
298 989 55
298 31 3
298 232 90
298 53 5
298 862 66
299 300 58
299 420 46
299 759 64
299 915 89
299 499 82
299 588 66
300 301 46
300 826 51
300 218 59
300 402 23
300 307 37
301 302 63
302 303 78
302 957 47
302 118 36
302 482 11
303 304 82
303 76 19
303 167 22
303 524 94
303 686 78
303 927 65
303 998 56
303 574 3
303 642 25
303 676 12
303 409 66
303 762 72
304 305 27
304 723 43
304 631 20
304 805 36
304 298 47
304 793 48
304 822 8
304 553 88
304 757 78
305 306 59
305 507 72
305 63 10
305 163 70
305 96 30
306 307 4
306 730 98
306 445 23
306 973 17
307 308 89
307 782 15
307 46 85
307 741 49
308 309 21
308 662 19
308 94 32
308 612 21
309 310 27
309 944 19
309 414 76
309 27 83
310 311 75
310 973 46
310 237 66
310 379 86
310 714 92
311 312 98
311 353 73
311 879 93
311 838 30
312 313 57
312 191 90
312 965 55
312 481 93
313 314 11
313 562 37
313 103 42
313 293 28
313 627 70
314 315 64
314 488 82
314 639 50
314 151 62
315 316 48
315 908 97
315 714 57
315 162 55
315 891 37
315 907 23
316 317 57
316 996 8
316 189 60
317 318 36
317 877 10
317 651 16
317 357 22
318 319 52
318 859 27
318 373 91
318 892 91
318 724 17
318 910 67
319 320 90
319 7 64
319 203 48
319 359 10
320 321 2
320 449 73
321 322 25
321 280 17
321 103 91
321 162 47
322 323 97
322 176 33
323 324 57
323 274 31
323 971 74
323 493 46
323 473 82
324 325 17
324 900 89
324 715 85
324 614 25
324 155 60
325 326 61
325 102 19
325 685 30
326 327 72
326 520 11
326 203 42
326 829 81
327 328 11
327 636 37
327 688 20
327 876 34
327 520 45
327 516 93
327 762 72
327 710 61
327 687 19
328 329 68
328 445 42
328 830 75
328 237 76
328 486 11
329 330 28
329 376 36
329 198 60
329 878 65
329 780 63
330 331 100
330 683 5
330 287 46
330 633 52
330 47 61
330 861 86
331 332 49
331 689 28
331 285 91
331 218 66
331 857 43
332 333 25
332 960 51
332 993 24
332 114 71
333 334 41
333 576 39
333 172 82
333 243 41
333 260 3
333 538 45
334 335 50
334 850 50
334 168 72
335 336 52
335 27 50
335 809 7
335 648 52
335 369 23
335 532 36
336 337 50
336 918 25
336 951 18
336 306 36
336 655 100
337 338 54
337 725 100
337 143 18
337 736 76
337 555 51
337 375 29
338 339 34
338 125 80
338 329 96
338 531 7
338 993 20
338 194 4
339 340 22
339 990 63
339 456 2
340 341 10
340 83 4
340 15 52
340 593 71
341 342 51
341 578 20
341 510 92
341 158 94
342 343 39
342 30 72
342 861 97
342 421 38
342 925 80
342 43 74
342 539 42
343 344 19
343 473 19
343 689 13
343 994 40
343 521 55
343 232 69
343 633 100
344 345 4
344 602 79
344 447 78
344 365 48
344 884 82
344 960 46
345 346 91
345 598 87
345 289 34
345 830 100
346 347 63
346 601 32
346 296 7
346 706 61
347 348 24
347 890 89
347 477 73
347 836 27
347 577 46
348 349 98
348 605 3
348 490 30
348 132 86
348 588 5
349 350 21
349 839 18
349 675 31
349 846 52
349 699 63
350 351 6
350 892 89
350 562 71
350 407 39
350 761 37
350 330 48
350 334 76
351 352 9
351 794 35
351 76 53
352 353 42
352 383 55
352 319 43
353 354 53
353 788 12
354 355 72
354 426 75
354 710 34
354 614 41
354 844 91
354 764 24
354 433 54
355 356 7
355 416 12
355 130 13
355 205 51
356 357 65
356 937 67
356 969 79
356 728 83
356 481 27
356 197 20
356 827 75
357 358 11
357 76 64
357 625 100
357 659 35
358 359 35
358 361 37
358 778 86
358 785 99
358 45 22
359 360 71
359 815 58
359 403 44
359 888 48
359 363 90
359 839 1
359 924 50
359 602 25
359 190 41
360 361 24
360 11 84
360 949 30
360 970 6
360 495 16
361 362 15
361 3 19
361 958 67
361 292 19
362 363 80
362 2 17
362 439 41
362 213 59
362 728 22
363 364 59
363 129 91
363 730 11
364 365 45
364 661 68
364 944 29
365 366 79
365 987 4
365 681 31
365 693 4
365 954 61
365 130 65
365 498 40
366 367 98
366 664 31
367 368 30
367 443 33
367 939 72
367 997 76
368 369 26
368 375 20
368 413 32
368 51 47
369 370 9
369 30 25
369 448 56
370 371 27
370 424 66
370 176 13
370 185 63
370 498 48
371 372 43
371 798 77
371 56 70
371 322 10
372 373 79
372 623 40
372 449 48
372 830 7
372 13 26
372 324 98
372 615 99
372 629 68
372 18 48
373 374 75
373 956 83
373 650 49
373 640 12
373 896 92
373 654 97
374 375 93
374 63 49
374 516 33
374 725 47
375 376 17
375 677 48
375 652 4
375 864 76
375 566 4
375 441 75
375 837 63
375 365 11
375 832 2
376 377 44
376 288 79
376 115 41
377 378 35
377 862 76
377 22 45
378 379 51
378 386 6
378 838 40
378 431 75
378 741 45
378 424 12
379 380 8
379 535 69
379 309 71
379 301 100
379 586 33
379 647 87
379 888 51
380 381 81
380 341 40
380 618 30
380 350 53
380 631 62
380 682 71
380 705 61
380 66 11
380 747 12
381 382 1
381 889 11
381 695 51
381 66 99
381 816 23
382 383 12
382 509 92
382 231 100
382 281 31
382 737 4
382 869 84
382 566 56
383 384 59
383 378 36
383 187 98
383 634 21
383 7 27
383 35 75
384 385 21
384 217 2
384 459 30
384 905 76
384 946 68
384 305 39
384 990 55
385 386 98
385 823 54
385 661 74
385 560 23
385 469 47
385 285 3
385 931 51
386 387 89
386 945 90
386 64 38
387 388 97
387 172 83
387 308 46
387 460 11
387 819 79
387 779 41
388 389 45
388 969 21
388 590 44
388 77 31
388 326 41
389 390 6
389 353 86
389 638 70
390 391 2
390 966 83
390 28 46
390 3 94
390 575 69
391 392 63
391 892 15
391 141 1
391 323 34
391 130 92
392 393 74
392 634 9
392 300 20
392 16 34
393 394 13
393 673 100
393 941 86
394 395 35
394 126 58
394 559 61
395 396 35
395 368 77
395 870 28
395 261 15
395 574 5
395 87 18
396 397 97
396 415 73
397 398 47
397 847 35
397 368 19
397 886 91
397 453 70
397 343 57
397 905 1
397 999 80
397 428 19
397 798 33
398 399 50
398 154 39
398 243 17
398 621 10
399 400 73
399 280 78
399 241 85
399 928 35
399 458 79
399 559 16
400 401 78
400 735 89
400 991 93
400 474 87
401 402 14
401 753 21
401 560 88
401 991 22
401 313 42
401 814 92
401 348 22
401 409 23
401 791 3
402 403 47
402 651 87
402 654 19
402 979 19
402 176 39
402 60 95
403 404 66
403 333 33
404 405 35
404 92 35
404 572 52
404 294 28
404 314 13
404 177 29
405 406 57
405 126 97
406 407 91
406 859 74
406 904 47
406 686 78
407 408 70
407 352 36
407 119 31
407 484 10
407 523 89
407 519 64
408 409 73
408 771 12
408 205 9
409 410 73
409 717 18
409 114 88
409 301 80
410 411 59
410 424 77
410 677 10
410 45 61
410 495 59
410 156 68
410 888 42
411 412 68
411 430 85
411 572 12
411 904 47
411 57 52
411 439 15
411 93 16
411 977 27
412 413 95
412 321 76
412 572 12
412 819 92
412 85 11
413 414 97
413 872 28
413 463 61
413 217 17
413 943 83
414 415 18
414 963 42
414 183 14
414 815 97
415 416 3
415 38 80
415 877 73
415 404 90
415 718 29
415 734 18
416 417 1
416 707 2
416 140 50
417 418 35
417 443 6
417 630 27
417 666 59
418 419 53
418 967 34
418 846 14
418 750 87
419 420 58
419 340 4
419 605 96
419 431 58
419 612 23
420 421 3
420 969 85
420 955 59
420 478 89
420 229 32
420 147 77
420 8 77
421 422 95
421 881 92
421 623 29
421 861 87
422 423 50
422 728 3
422 837 56
423 424 47
423 281 45
423 117 80
423 362 58
424 425 19
425 426 4
425 179 44
426 427 18
426 741 15
426 635 29
426 175 81
426 626 73
427 428 5
427 361 43
427 438 5
427 10 32
427 738 71
428 429 7
428 1000 23
428 755 72
428 422 92
428 332 53
429 430 77
429 533 5
429 907 95
429 856 57
430 431 94
430 248 15
430 863 69
431 432 57
431 122 9
431 566 42
431 271 95
431 252 64
432 433 47
432 11 45
433 434 96
433 355 55
433 240 30
434 435 74
434 68 2
434 245 90
435 436 25
435 159 92
435 392 27
435 866 63
435 858 38
435 551 71
435 695 31
435 116 7
436 437 64
436 834 46
437 438 74
437 178 66
437 20 32
437 675 98
437 213 11
437 161 18
437 158 83
438 439 66
438 215 17
438 391 74
438 330 31
438 967 7
438 821 47
438 325 100
438 742 18
438 400 27
438 18 40
439 440 29
439 113 74
439 827 99
439 160 65
439 809 11
439 886 66
439 683 56
439 723 6
439 680 39
440 441 90
440 704 20
440 330 55
440 12 3
440 865 48
440 975 13
440 447 68
441 442 26
441 832 34
441 516 35
441 791 31
442 443 48
442 504 55
442 153 34
443 444 3
443 785 71
443 862 35
443 866 5
443 43 14
443 704 3
444 445 28
444 711 23
445 446 69
445 652 96
445 997 74
446 447 74
446 159 20
446 230 19
446 561 33
446 629 74
446 99 32
446 229 89
447 448 59
447 481 77
447 820 56
447 11 11
447 635 36
447 694 13
447 593 47
447 173 76
448 449 19
448 188 54
448 540 41
448 870 44
448 310 35
449 450 53
449 592 6
449 63 14
449 126 41
450 451 22
450 69 56
450 70 39
450 439 4
451 452 51
451 372 45
451 782 40
451 687 25
451 273 67
452 453 51
452 169 58
452 23 79
452 130 21
452 406 51
452 639 68
452 471 99
452 319 35
452 259 49
453 454 20
453 307 49
453 980 14
453 283 100
453 502 84
454 455 87
454 855 6
454 215 77
454 545 81
455 456 100
455 335 85
455 832 64
455 740 6
455 355 11
455 784 81
456 457 46
456 467 16
456 426 84
456 858 35
457 458 26
457 389 87
457 915 55
457 240 65
458 459 22
458 748 25
458 332 99
459 460 69
459 346 91
459 1000 33
459 368 92
459 953 47
460 461 61
460 135 91
460 569 16
460 327 19
460 768 60
460 641 63
461 462 71
461 135 62
462 463 88
462 484 63
462 275 37
462 522 57
462 93 75
463 464 59
463 362 73
464 465 20
464 898 37
464 168 31
465 466 6
465 868 1
465 461 9
465 541 39
466 467 82
466 240 79
466 540 40
466 867 58
466 353 33
466 285 83
466 560 70
466 319 53
466 945 5
466 837 34
467 468 26
467 77 15
467 694 42
467 341 68
467 167 7
467 488 46
468 469 92
468 191 92
468 250 43
468 180 82
468 993 27
468 371 27
469 470 28
469 851 43
469 550 95
469 376 1
469 551 18
470 471 55
470 606 9
470 859 89
470 852 73
470 700 52
470 516 47
470 558 59
471 472 1
471 808 66
471 676 61
471 70 6
472 473 9
472 336 12
472 24 81
472 583 3
472 600 87
472 722 96
473 474 84
473 61 22
473 436 74
474 475 15
474 382 86
474 633 80
474 652 47
474 186 2
474 425 32
474 5 20
475 476 65
475 523 56
476 477 11
476 589 38
476 680 46
476 474 90
476 827 90
476 419 25
477 478 86
477 814 16
477 584 50
477 504 15
477 676 71
477 105 11
478 479 66
478 650 72
478 937 41
478 611 93
479 480 97
479 811 13
479 107 7
479 573 12
479 335 57
479 300 42
480 481 13
480 879 60
480 332 35
480 304 81
481 482 24
481 440 26
481 303 39
482 483 84
482 116 21
482 92 53
482 880 2
482 265 89
482 50 24
483 484 17
483 388 38
483 612 34
483 178 28
483 217 58
483 803 38
483 191 72
484 485 97
484 378 27
485 486 86
485 597 13
485 230 75
485 71 22
486 487 68
486 899 25
486 951 52
487 488 39
487 711 64
487 697 38
487 998 49
488 489 21
488 751 64
488 16 23
488 179 82
489 490 64
489 217 31
489 775 97
489 274 13
489 570 2
490 491 17
490 121 4
491 492 76
491 950 46
491 990 30
491 450 51
491 104 70
492 493 78
492 897 99
492 953 35
492 309 65
492 122 29
492 834 42
492 222 9
492 677 91
493 494 6
493 453 49
493 336 40
493 759 35
494 495 30
494 132 19
494 451 71
494 710 57
494 618 17
494 43 67
494 738 93
494 69 85
495 496 70
495 892 28
495 45 93
495 601 91
495 563 5
495 983 74
495 779 82
496 497 53
496 345 86
496 984 67
497 498 2
497 732 69
498 499 92
498 976 33
498 111 42
498 130 97
499 500 66
499 128 5
499 947 43
499 197 55
499 10 99
500 501 17
500 660 8
500 147 74
500 924 54
500 474 6
500 256 45
500 535 14
500 928 56
500 470 84
501 502 81
501 38 98
501 731 81
501 657 7
501 977 53
501 580 86
501 118 18
502 503 57
502 759 34
502 2 89
502 314 52
502 321 52
502 709 45
502 27 5
503 504 37
503 651 95
503 68 61
503 521 54
503 655 93
504 505 79
504 86 26
504 454 45
504 93 11
504 765 38
504 442 34
504 758 98
505 506 86
505 654 20
505 147 33
505 732 44
505 808 87
505 418 80
505 468 97
506 507 83
506 520 59
506 540 91
506 232 54
506 707 35
507 508 67
507 932 47
507 670 29
508 509 10
508 767 95
508 14 46
508 814 97
509 510 71
509 539 10
510 511 95
510 788 60
510 776 77
510 605 34
511 512 96
511 124 89
511 843 47
511 702 38
511 564 40
511 15 94
511 156 23
512 513 18
512 151 61
512 851 37
513 514 15
513 956 100
513 618 10
513 939 81
513 573 31
514 515 63
514 574 18
514 269 90
515 516 78
515 916 50
515 86 19
516 517 50
516 676 100
516 264 33
516 200 58
516 859 51
516 817 77
516 182 62
516 63 74
517 518 15
517 106 24
518 519 29
518 135 91
518 828 69
518 279 25
518 288 58
518 326 12
518 719 99
518 337 85
518 183 29
518 261 2
518 541 13
519 520 10
519 658 31
519 294 78
519 226 90
520 521 63
520 347 98
520 764 40
520 245 2
520 745 13
521 522 5
521 551 75
521 456 46
521 271 37
521 940 73
522 523 91
522 289 94
522 985 76
522 418 53
523 524 88
523 592 94
523 88 96
523 102 52
524 525 58
525 526 70
525 180 91
525 429 90
526 527 16
526 45 89
526 586 5
526 220 100
527 528 22
527 912 9
527 670 68
527 943 88
527 412 39
528 529 61
528 234 17
528 389 10
528 470 43
528 948 96
528 543 48
529 530 93
529 184 29
529 749 6
530 531 73
530 242 6
530 337 11
530 781 44
530 489 41
531 532 52
531 393 17
531 988 78
532 533 12
532 535 66
532 722 96
532 767 95
532 697 2
533 534 80
533 750 84
533 678 90
533 618 29
533 142 55
534 535 82
534 969 17
534 85 17
534 256 51
534 558 57
534 421 100
534 790 81
534 381 74
534 800 100
534 711 35
534 172 76
535 536 93
535 478 55
535 217 69
535 471 89
535 886 82
535 719 88
536 537 42
536 285 62
536 233 37
536 52 63
536 892 99
536 567 21
537 538 39
537 197 67
537 695 64
537 55 76
537 819 88
538 539 94
538 750 87
538 397 17
538 121 49
538 109 78
538 970 100
539 540 2
539 11 57
539 520 11
539 838 98
539 970 14
539 468 69
539 341 21
540 541 24
540 20 8
540 638 20
540 672 54
541 542 77
541 695 22
541 338 27
541 755 78
541 99 65
541 62 62
542 543 67
542 202 90
543 544 31
543 723 44
543 113 72
543 650 62
543 395 78
544 545 36
544 291 60
544 110 92
544 131 88
545 546 10
545 830 52
545 531 31
545 894 1
545 851 25
545 107 47
545 303 73
545 160 64
546 547 92
546 919 60
547 548 25
547 986 26
547 745 48
547 704 76
548 549 52
548 718 49
548 75 86
548 376 22
548 420 1
548 339 49
548 611 86
548 101 50
548 408 41
549 550 94
549 5 9
549 218 8
550 551 17
550 902 59
550 573 41
550 272 20
550 968 33
551 552 88
551 900 27
551 885 98
551 232 4
551 191 48
551 943 22
551 395 80
551 311 67
551 690 40
551 983 4
552 553 56
552 6 22
552 621 82
552 939 87
552 867 79
553 554 35
553 350 3
553 126 57
553 872 30
554 555 73
554 118 97
554 104 61
555 556 51
555 119 72
555 325 77
555 227 71
556 557 29
556 502 40
556 214 55
556 72 40
556 503 100
557 558 82
557 492 39
557 795 41
557 338 67
557 459 47
558 559 95
558 772 33
558 635 100
559 560 61
559 677 82
559 284 12
559 750 61
559 895 23
559 98 100
559 536 44
560 561 56
560 830 38
560 276 25
560 273 87
560 521 49
560 323 13
561 562 46
561 261 44
561 941 98
561 817 55
561 381 69
561 655 13
561 782 27
561 298 81
562 563 81
562 371 37
562 660 97
562 511 54
562 862 41
563 564 28
563 259 28
563 879 25
563 827 94
563 684 58
564 565 49
564 308 58
564 853 52
564 327 4
565 566 99
565 839 77
565 877 33
566 567 8
566 8 50
566 48 40
566 498 93
566 733 13
566 738 5
566 884 72
566 824 76
567 568 73
567 950 97
568 569 7
568 352 45
568 982 61
568 336 48
568 2 81
569 570 7
569 690 18
569 493 13
569 127 53
569 815 66
569 675 10
570 571 18
570 997 5
570 937 94
571 572 11
571 882 95
571 402 83
571 887 93
571 233 6
571 424 1
571 737 90
572 573 70
572 723 86
572 581 67
572 34 77
572 890 30
572 631 5
572 842 20
572 782 79
573 574 79
573 377 89
573 359 52
573 944 48
573 964 71
573 205 12
574 575 64
574 186 19
574 888 60
574 40 95
574 234 95
574 117 69
574 848 76
575 576 32
575 861 100
575 83 49
575 404 76
575 439 37
576 577 10
576 424 27
576 714 91
577 578 40
577 221 40
577 646 3
578 579 92
578 566 52
578 969 34
578 377 30
578 901 2
578 776 61
578 932 30
579 580 3
579 259 6
579 545 22
579 779 95
579 941 95
579 303 84
579 678 57
580 581 89
580 568 71
580 75 17
580 209 48
580 836 55
580 796 56
581 582 95
581 752 26
581 585 99
582 583 87
582 882 14
582 618 78
582 775 49
582 558 18
582 515 57
582 502 34
583 584 83
583 417 31
583 459 86
583 384 55
583 972 29
583 211 20
583 376 62
584 585 92
584 710 9
584 323 24
584 83 64
584 217 80
584 674 100
585 586 28
585 333 80
585 316 26
585 924 13
585 237 63
585 997 89
585 620 74
585 160 52
586 587 42
586 991 2
586 407 9
586 59 67
586 135 29
586 651 59
586 225 53
587 588 14
588 589 47
588 793 56
588 242 11
588 532 32
588 453 4
588 543 86
588 930 69
589 590 95
589 301 7
589 241 10
589 174 4
590 591 29
590 78 69
590 914 45
590 471 20
590 245 36
591 592 54
591 706 46
591 633 36
591 360 42
591 621 91
591 31 72
591 608 95
591 561 62
591 610 98
591 131 63
592 593 68
592 478 53
592 31 86
592 121 27
593 594 80
593 634 56
593 884 75
593 573 50
593 781 12
594 595 67
594 826 95
594 712 55
595 596 93
595 942 45
596 597 92
596 731 92
596 847 97
596 661 1
597 598 50
597 103 7
598 599 25
598 519 57
598 244 69
598 936 7
598 757 39
598 886 87
598 439 95
598 445 52
598 911 13
599 600 22
599 808 64
599 577 28
599 207 66
599 700 31
599 300 4
600 601 26
600 261 68
600 4 1
600 74 65
600 494 72
601 602 61
601 816 59
601 974 37
601 950 98
601 968 100
602 603 49
602 69 80
602 745 39
602 73 60
602 952 73
602 811 5
602 735 29
603 604 85
603 219 3
603 163 33
603 266 12
603 200 1
603 120 8
603 744 52
604 605 63
604 381 91
604 932 100
604 765 5
604 600 93
605 606 25
605 262 35
605 305 71
605 998 1
605 245 32
606 607 72
606 26 62
606 17 76
606 809 35
606 213 46
607 608 87
607 888 1
607 368 91
608 609 27
608 591 57
608 50 2
608 906 62
608 925 76
608 846 75
609 610 44
609 579 61
609 337 77
609 896 64
609 53 77
609 589 90
610 611 39
610 825 86
610 271 52
610 262 5
610 308 18
610 482 52
611 612 94
611 647 13
611 499 42
612 613 95
612 362 90
612 651 32
612 80 58
613 614 56
613 428 5
613 359 19
613 357 23
613 440 50
613 928 45
614 615 77
614 824 86
614 958 23
615 616 30
615 855 43
615 123 71
615 245 16
615 52 1
615 821 85
615 619 61
615 336 47
616 617 16
616 712 38
616 909 34
616 493 28
616 887 36
617 618 48
617 916 7
617 160 8
617 950 5
617 309 17
617 114 47
618 619 2
618 231 12
618 938 14
618 215 61
618 762 29
618 603 51
619 620 45
619 669 38
619 840 78
619 978 88
619 141 3
619 347 86
619 213 11
620 621 91
620 49 54
620 878 17
621 622 85
621 669 80
621 709 96
621 554 14
621 714 23
621 789 77
622 623 61
622 466 44
622 811 86
622 182 10
623 624 49
623 585 49
623 339 31
623 187 54
624 625 80
624 215 83
624 183 47
624 587 76
624 54 67
624 754 64
624 745 14
625 626 14
625 501 21
626 627 18
626 463 85
626 449 44
626 31 77
627 628 22
627 571 99
627 143 12
627 624 61
627 943 71
627 242 81
627 958 25
627 719 98
627 125 1
628 629 19
628 143 62
629 630 47
629 72 95
629 929 74
629 25 50
630 631 38
630 884 80
630 72 3
630 435 72
631 632 23
631 140 94
631 581 31
631 465 76
631 271 34
631 663 4
632 633 79
632 88 8
632 599 54
633 634 2
633 807 46
633 899 9
633 833 91
634 635 26
634 566 7
634 585 85
634 296 96
634 736 27
634 729 17
635 636 69
635 54 41
635 748 24
636 637 89
636 885 8
636 84 64
637 638 79
637 673 43
637 391 90
637 777 67
638 639 98
638 747 49
638 420 9
638 997 2
639 640 74
639 424 90
639 82 25
639 665 69
639 873 51
639 109 2
640 641 95
641 642 30
641 977 28
641 36 84
641 921 21
641 874 28
641 51 21
642 643 71
642 93 7
642 708 77
642 74 39
642 800 70
642 274 58
642 204 37
643 644 81
643 395 74
643 835 88
643 400 76
643 695 69
643 229 6
644 645 32
644 142 27
644 737 40
644 461 45
644 578 99
645 646 4
645 122 9
645 826 92
645 803 56
645 402 23
646 647 45
646 539 57
647 648 22
647 298 11
647 509 39
647 603 19
647 643 65
648 649 76
648 242 72
648 350 54
648 646 90
649 650 79
649 316 83
649 376 64
649 342 91
650 651 17
650 236 54
650 267 55
650 452 1
651 652 60
651 67 5
651 799 99
651 368 4
652 653 47
652 365 60
652 262 5
652 547 38
652 610 27
653 654 35
653 813 8
653 119 83
653 353 30
654 655 89
654 855 94
654 72 54
654 720 56
654 972 35
655 656 29
655 116 84
655 226 41
655 8 6
655 935 33
656 657 94
656 163 80
656 875 46
656 138 63
656 11 66
656 721 53
656 371 79
656 402 55
656 225 21
656 422 39
657 658 99
657 107 6
657 843 90
657 987 99
657 812 64
657 180 55
657 477 36
657 369 40
658 659 51
658 926 77
658 412 42
659 660 29
659 309 32
659 472 71
659 334 72
659 903 27
659 798 62
659 689 99
660 661 25
660 128 62
660 849 5
660 331 76
660 733 72
660 831 8
660 148 3
660 302 3
661 662 76
661 41 64
661 589 59
662 663 49
662 378 78
662 201 45
662 750 10
662 679 92
662 507 14
662 461 53
662 754 80
662 876 85
663 664 39
663 28 59
663 528 66
663 403 16
664 665 59
664 655 27
664 631 63
664 50 16
664 375 74
664 580 42
665 666 12
665 110 96
665 173 66
665 603 57
665 831 46
665 518 17
666 667 83
666 572 96
667 668 28
667 923 14
667 663 87
667 951 87
668 669 10
668 916 57
668 685 87
668 96 56
668 113 40
668 795 41
668 869 8
669 670 35
669 123 12
669 312 42
669 132 74
669 244 55
669 738 77
670 671 54
670 109 48
670 365 22
670 730 67
670 726 83
670 747 22
670 855 22
671 672 100
671 907 16
671 742 85
671 466 52
672 673 89
672 653 50
672 327 43
672 185 79
673 674 18
673 334 61
673 566 6
673 278 77
673 505 83
673 834 44
673 15 71
674 675 75
674 667 13
674 221 22
674 121 94
674 951 79
674 982 6
674 42 82
675 676 37
676 677 25
676 605 68
676 952 27
676 717 82
676 339 72
677 678 44
677 842 69
677 183 43
677 785 78
677 461 68
678 679 43
678 891 22
678 231 100
678 189 61
679 680 15
679 130 52
680 681 88
680 410 99
680 302 29
680 764 31
680 26 74
681 682 85
681 488 2
681 186 6
681 873 95
681 71 55
682 683 58
682 949 51
682 152 66
682 656 89
683 684 24
683 911 64
683 943 96
683 348 43
684 685 4
684 86 25
684 340 14
684 841 24
685 686 90
685 347 4
685 965 18
685 270 80
686 687 91
686 518 92
686 705 14
686 878 42
687 688 71
687 816 71
687 785 2
687 545 63
687 896 50
687 342 86
687 264 94
687 82 76
687 552 77
687 299 24
687 721 10
688 689 22
688 678 67
688 69 19
688 896 72
688 757 70
688 508 10
688 929 89
689 690 47
689 645 11
689 944 71
689 912 70
689 468 66
690 691 78
690 265 58
690 431 27
690 631 27
691 692 62
691 110 14
691 365 52
691 258 94
691 806 29
692 693 36
692 178 43
692 126 9
692 150 34
692 652 73
692 217 52
692 430 28
693 694 93
693 373 4
693 72 75
693 371 21
693 544 42
693 326 100
693 115 9
694 695 7
694 373 86
694 365 11
694 608 100
694 567 99
694 717 48
694 228 91
695 696 24
695 447 49
695 807 59
695 924 82
695 367 57
695 535 66
695 883 12
695 975 40
695 652 44
696 697 43
696 513 28
696 383 71
696 252 35
696 738 85
696 340 31
697 698 28
697 449 24
697 865 9
698 699 90
698 552 38
698 174 84
699 700 19
699 815 46
699 943 15
700 701 1
700 399 4
700 767 92
700 861 51
700 130 77
700 494 19
700 627 96
701 702 56
701 712 63
701 925 39
701 859 86
702 703 10
702 766 83
702 243 86
702 391 77
703 704 35
703 713 55
703 870 64
703 807 81
703 9 1
703 622 46
704 705 67
705 706 35
705 428 21
705 957 97
705 577 85
706 707 79
706 289 27
706 446 13
706 382 75
706 423 87
706 694 14
707 708 51
707 365 7
707 571 75
707 390 57
708 709 51
708 55 99
708 132 36
708 32 41
708 698 11
709 710 23
709 192 3
709 669 27
709 100 26
709 608 52
709 531 53
709 74 42
710 711 79
710 777 99
710 848 25
710 671 58
711 712 72
711 421 4
711 972 5
711 4 92
712 713 94
712 962 51
712 105 36
713 714 24
713 309 20
713 373 23
714 715 84
714 365 32
714 460 84
714 200 4
714 70 51
714 196 46
714 804 88
715 716 85
715 385 21
715 51 97
715 666 59
715 721 79
715 632 36
715 77 56
715 557 84
716 717 57
716 1 62
716 554 12
717 718 23
717 871 67
717 859 39
718 719 57
718 952 13
718 696 91
719 720 51
719 300 92
719 323 38
719 833 24
720 721 73
720 16 75
720 917 30
720 263 41
721 722 12
721 927 25
721 598 28
721 795 68
722 723 65
722 249 70
722 685 30
722 610 35
722 577 83
722 929 6
723 724 47
723 100 60
723 980 97
723 536 47
723 605 25
723 38 40
724 725 85
724 74 6
724 166 53
724 653 13
724 198 11
725 726 59
725 929 57
725 165 66
726 727 33
726 993 72
726 951 56
726 131 26
726 188 41
727 728 26
727 13 26
727 491 2
727 418 14
727 63 1
728 729 43
728 930 28
728 382 53
728 10 94
729 730 92
729 378 78
729 495 19
729 166 64
729 825 24
730 731 2
730 991 41
730 410 19
730 807 6
730 561 22
730 481 12
730 668 100
730 159 36
731 732 17
731 945 7
731 942 92
731 805 61
731 603 59
731 110 6
731 90 36
732 733 31
732 328 4
732 509 11
732 889 4
732 994 6
732 608 38
733 734 78
733 829 97
733 920 15
733 260 49
733 459 93
734 735 9
734 693 15
734 449 37
734 254 57
735 736 87
735 103 30
735 55 64
735 575 80
735 810 83
735 796 95
736 737 10
736 167 83
736 456 15
736 945 92
736 204 58
736 793 15
736 832 24
737 738 27
737 516 33
737 874 66
737 877 53
737 93 94
737 62 66
737 629 22
737 548 27
737 200 34
737 240 20
737 584 55
738 739 56
738 547 92
738 730 82
738 826 87
738 460 83
738 37 88
738 458 51
738 529 5
739 740 66
739 995 31
739 499 68
739 164 30
739 43 87
740 741 85
740 493 70
740 276 20
740 294 84
740 808 99
740 451 55
741 742 25
741 996 61
741 55 24
741 959 24
741 515 16
741 478 29
742 743 60
742 171 16
742 49 10
743 744 11
743 967 44
743 269 98
744 745 14
744 239 16
744 492 15
744 71 73
744 556 96
745 746 66
745 441 29
745 997 97
746 747 3
746 221 68
746 948 58
746 628 44
746 267 86
747 748 43
747 637 42
747 191 92
748 749 9
748 747 94
748 477 73
749 750 28
749 16 95
749 197 17
750 751 53
750 811 35
750 82 7
750 71 92
750 495 68
751 752 78
751 789 2
751 993 26
751 449 12
751 909 45
751 162 50
751 683 71
752 753 65
752 747 73
752 853 49
752 161 50
752 440 18
752 89 51
752 876 14
752 931 57
752 780 14
753 754 60
754 755 35
754 572 8
754 556 49
754 882 72
755 756 61
755 2 29
756 757 41
756 882 15
756 888 28
757 758 72
757 881 9
757 216 100
757 859 87
757 424 94
758 759 33
758 167 35
758 354 50
758 2 27
758 773 95
758 488 71
758 368 60
758 989 24
759 760 98
759 338 96
759 164 5
759 862 4
759 433 36
759 542 51
759 930 13
759 935 25
760 761 68
760 203 5
760 199 45
760 346 59
760 878 70
760 833 67
761 762 41
761 662 2
761 431 74
761 586 91
761 521 24
761 878 26
762 763 28
762 204 37
762 698 33
763 764 75
763 470 45
763 455 38
763 783 69
763 309 63
764 765 32
764 127 2
764 768 12
764 367 86
764 863 56
764 703 65
765 766 37
765 742 5
765 58 77
765 204 84
765 237 56
766 767 87
766 854 76
766 843 92
766 691 86
766 494 81
766 618 34
766 928 20
767 768 16
767 355 66
767 924 6
767 766 2
767 239 46
768 769 90
768 148 95
768 941 11
768 669 36
768 573 69
769 770 89
769 43 29
769 604 26
769 992 4
769 834 75
769 453 9
769 855 89
770 771 88
770 783 97
770 49 45
771 772 58
771 384 72
771 632 11
772 773 98
772 840 13
772 820 43
772 961 4
772 977 36
772 119 80
772 554 63
773 774 33
773 147 53
773 104 91
773 673 72
773 85 28
773 635 61
774 775 24
774 110 63
774 119 33
774 808 63
774 349 35
774 224 86
775 776 11
775 264 40
776 777 36
776 724 63
776 938 53
776 884 5
777 778 78
777 588 32
777 474 12
778 779 95
778 789 59
778 192 23
778 548 94
778 716 31
779 780 60
779 632 8
779 188 94
780 781 99
780 287 12
780 655 51
781 782 84
781 385 10
781 258 51
781 57 38
781 588 80
781 78 78
781 960 11
781 792 46
781 291 81
782 783 20
782 777 19
782 93 10
782 916 81
782 324 98
782 307 28
782 897 94
783 784 36
783 218 98
783 849 56
783 324 49
783 648 52
783 638 19
783 281 14
784 785 25
784 724 98
784 989 44
784 59 94
784 760 44
785 786 27
785 952 60
785 216 84
785 128 73
785 671 22
786 787 81
786 861 47
786 70 38
787 788 91
787 312 80
787 749 45
787 919 83
788 789 1
788 976 48
788 251 43
789 790 46
789 252 48
789 4 48
790 791 50
791 792 39
791 947 43
791 418 73
791 192 18
791 772 32
791 424 38
791 525 9
792 793 64
792 526 64
792 573 39
792 459 81
792 601 76
793 794 98
793 941 99
793 868 47
793 62 15
794 795 49
794 673 28
794 527 58
794 989 74
794 503 34
794 636 33
795 796 60
795 979 10
795 598 91
796 797 24
796 474 13
796 675 43
796 735 6
797 798 16
797 8 90
797 497 73
797 51 44
798 799 52
799 800 57
799 924 79
799 306 49
799 763 35
799 769 38
799 971 58
799 649 77
799 362 53
800 801 73
800 92 89
800 127 25
800 519 98
800 615 77
800 488 54
801 802 80
801 585 9
801 73 9
802 803 46
802 72 77
802 522 67
802 795 78
803 804 58
803 670 68
803 278 89
803 387 72
803 489 97
803 967 70
804 805 6
804 710 32
804 597 88
804 698 8
804 919 10
805 806 94
805 269 23
805 343 62
805 856 72
805 116 47
805 347 88
806 807 82
806 357 52
806 4 92
806 680 86
807 808 99
807 173 98
807 497 34
807 887 17
807 465 60
807 291 32
808 809 65
808 558 53
808 24 37
808 959 71
809 810 100
810 811 81
810 306 50
810 440 43
810 808 94
810 812 97
811 812 14
811 370 43
811 452 70
811 853 78
811 65 34
812 813 54
812 418 41
812 875 48
812 692 81
812 73 88
812 373 29
813 814 25
813 257 88
813 180 7
814 815 58
814 479 68
814 358 38
814 344 56
814 329 26
814 306 54
814 804 69
815 816 100
815 713 47
815 489 40
816 817 90
816 782 54
816 152 30
816 745 3
816 564 21
816 976 4
816 55 87
817 818 87
817 28 84
817 391 39
818 819 52
818 817 97
818 30 97
818 981 72
819 820 86
819 694 76
819 636 8
819 763 68
820 821 60
820 643 12
820 748 34
820 193 95
820 904 100
820 331 45
820 457 70
820 546 13
820 363 85
821 822 1
821 376 18
821 208 99
821 964 82
821 56 4
822 823 85
822 142 100
822 830 97
822 560 98
822 346 20
822 944 92
822 781 20
823 824 23
823 945 66
823 786 23
823 187 55
823 737 95
824 825 24
824 7 77
824 200 64
824 353 55
825 826 50
825 837 15
825 781 78
825 27 77
825 271 35
825 807 80
826 827 94
826 501 14
826 475 69
826 691 12
826 355 82
826 659 69
826 886 45
826 283 53
827 828 99
827 951 81
827 907 13
827 452 36
827 468 69
827 79 65
828 829 79
828 761 28
828 896 30
828 599 43
828 132 6
828 309 20
828 40 67
829 830 91
829 962 83
829 822 12
829 509 68
829 121 12
829 973 45
830 831 80
830 260 95
830 510 19
830 774 8
830 190 18
830 25 33
830 811 50
831 832 86
831 754 45
831 161 61
831 283 79
831 989 34
832 833 21
832 761 19
832 339 93
832 100 40
832 298 8
832 384 6
832 114 97
832 493 6
832 436 9
833 834 66
833 103 79
833 660 70
833 949 96
833 130 6
833 977 74
834 835 43
834 7 26
834 117 33
834 268 94
834 450 29
834 388 4
835 836 89
835 632 83
835 309 98
835 94 82
835 346 53
836 837 52
836 161 54
836 806 49
836 349 72
837 838 20
837 607 87
837 530 14
837 1 78
837 441 9
838 839 19
838 93 32
838 616 32
838 42 79
839 840 8
839 588 93
839 927 18
839 821 43
839 32 68
840 841 40
840 741 97
840 205 90
841 842 98
841 849 5
841 686 25
841 328 60
841 37 43
841 404 18
841 725 99
842 843 94
842 74 4
842 825 20
842 568 43
842 976 6
842 342 65
843 844 74
843 83 61
843 115 15
843 21 97
844 845 46
844 111 14
844 513 25
844 648 4
844 904 46
844 816 44
845 846 23
845 194 73
845 898 85
845 39 35
845 737 53
845 197 21
846 847 9
846 893 84
847 848 63
847 201 88
847 138 51
848 849 11
848 204 72
848 545 20
848 639 73
849 850 11
849 807 25
849 387 94
849 241 77
849 476 90
850 851 14
850 525 82
850 478 34
850 265 34
850 473 87
850 349 7
851 852 27
851 652 43
852 853 35
852 144 35
853 854 62
853 754 26
854 855 48
854 665 56
854 488 44
854 349 78
854 465 9
854 389 49
854 605 88
854 406 31
855 856 99
855 700 78
856 857 4
856 50 24
856 870 70
857 858 89
857 33 94
857 462 30
857 746 71
857 557 67
858 859 17
858 716 78
859 860 95
859 594 19
860 861 75
860 297 25
860 52 69
860 175 82
860 3 11
861 862 86
861 431 81
861 509 92
861 278 13
861 612 61
861 507 76
861 115 34
862 863 16
862 255 18
862 795 64
863 864 24
863 720 27
863 304 38
863 506 99
863 541 34
864 865 58
864 530 63
864 619 95
864 739 77
865 866 84
865 985 48
865 142 100
866 867 16
866 424 22
866 276 40
866 208 33
866 486 71
867 868 7
867 789 91
868 869 9
868 991 22
868 450 69
868 305 1
868 76 97
869 870 68
869 214 81
869 301 75
869 517 58
869 135 79
869 258 22
869 558 86
870 871 38
870 553 55
870 989 93
871 872 27
871 935 65
871 117 90
871 451 90
872 873 94
872 216 4
872 726 60
872 153 100
872 775 5
873 874 33
874 875 74
874 303 73
874 401 96
874 322 12
874 618 47
874 193 94
874 437 23
875 876 30
876 877 13
876 3 20
876 707 48
876 168 30
877 878 13
877 391 3
877 193 6
877 275 40
877 341 49
877 136 52
878 879 15
878 612 36
878 491 62
878 250 9
878 319 21
879 880 10
879 684 41
879 407 98
879 970 8
879 163 95
879 490 10
879 501 41
880 881 91
880 371 77
880 768 13
880 1000 40
880 609 30
880 133 43
881 882 70
881 794 66
881 818 56
881 768 10
881 632 72
882 883 6
882 860 99
882 253 10
882 372 62
883 884 22
883 246 67
883 964 22
884 885 70
884 600 22
884 966 8
884 357 73
884 229 59
885 886 41
885 895 52
885 961 86
885 181 75
886 887 65
886 134 44
886 718 35
887 888 31
887 447 78
887 569 51
887 85 91
887 149 47
887 463 27
888 889 23
888 533 2
888 53 22
889 890 50
889 347 43
889 958 90
889 238 48
890 891 76
890 199 56
890 472 98
890 65 99
890 874 15
890 624 11
890 532 23
890 163 88
891 892 90
891 922 51
891 882 79
891 286 7
891 377 90
892 893 70
892 620 32
892 700 56
892 702 51
892 100 55
893 894 10
893 673 37
893 200 75
893 630 9
893 768 1
893 341 7
894 895 84
894 460 8
894 493 96
894 217 86
894 6 12
894 311 8
894 534 65
895 896 88
895 473 22
895 682 78
895 594 29
895 351 83
896 897 89
897 898 3
897 579 76
897 537 93
897 636 15
897 558 39
897 930 67
897 330 49
898 899 13
898 972 71
898 240 92
898 165 12
898 636 27
899 900 92
899 151 20
899 88 91
899 508 63
899 310 42
900 901 58
900 59 43
900 633 4
900 707 48
901 902 42
901 93 9
901 789 63
901 668 52
902 903 91
902 372 7
902 257 2
902 682 49
903 904 72
903 425 26
903 43 8
903 520 53
903 497 88
903 116 83
903 213 21
903 846 13
903 84 67
904 905 25
904 276 82
904 594 24
904 85 35
904 404 65
905 906 8
905 782 99
905 676 35
905 742 82
905 689 73
905 10 43
906 907 97
906 438 18
906 310 60
906 688 58
906 130 93
907 908 84
907 298 73
907 493 4
907 120 54
907 40 10
908 909 12
908 176 4
908 331 22
908 904 23
908 517 54
908 668 37
908 956 88
908 975 71
908 793 78
909 910 2
909 253 70
909 584 94
910 911 10
910 25 83
910 217 80
910 596 31
910 539 49
910 875 45
911 912 81
911 37 77
911 788 8
911 686 45
911 942 73
912 913 79
912 687 64
912 889 55
912 401 44
912 577 82
913 914 71
913 673 48
913 796 69
913 986 57
914 915 22
914 211 9
914 985 29
914 601 98
914 444 10
914 745 15
914 78 39
914 324 31
915 916 67
915 477 11
915 39 86
915 464 85
915 435 2
915 443 15
916 917 63
916 888 24
916 483 36
916 763 25
917 918 97
917 786 35
917 620 76
917 940 74
917 36 85
917 286 19
917 880 86
918 919 5
919 920 6
919 112 65
919 839 6
920 921 79
920 37 67
920 898 58
920 798 70
920 104 26
920 379 36
921 922 64
921 722 4
921 780 82
921 454 33
922 923 75
922 454 13
922 717 51
922 781 13
922 349 35
922 990 53
923 924 68
923 756 58
923 901 87
923 727 63
923 704 58
923 125 43
924 925 2
924 396 54
924 796 43
924 570 34
924 838 67
925 926 67
925 253 33
925 748 28
925 467 57
925 626 53
925 622 11
926 927 7
926 471 91
926 90 50
926 481 7
926 734 10
927 928 49
927 565 62
927 250 30
927 856 50
928 929 51
928 445 57
928 591 46
928 781 41
929 930 98
929 758 90
929 24 19
929 494 69
929 712 74
929 249 84
929 728 86
930 931 85
930 772 35
930 266 26
930 319 62
930 950 73
930 531 26
931 932 34
931 733 71
932 933 24
932 657 93
932 931 99
932 335 87
932 392 7
933 934 26
933 447 47
933 643 18
933 691 69
933 908 93
934 935 60
934 707 7
934 982 13
934 256 10
934 665 59
934 753 14
934 331 35
934 293 14
934 942 20
934 895 90
934 954 23
935 936 83
935 492 97
935 461 97
936 937 4
936 532 66
937 938 89
937 503 57
937 492 20
937 223 38
937 16 96
938 939 31
938 716 97
938 550 30
938 128 71
938 25 65
939 940 75
939 641 29
939 428 54
939 99 59
939 58 79
939 820 60
939 900 67
940 941 41
940 87 86
940 536 29
940 328 56
940 154 30
940 535 75
940 104 46
940 293 73
940 426 84
940 89 43
941 942 97
941 885 57
941 234 77
941 929 94
941 20 94
941 494 9
942 943 83
942 499 64
942 177 92
942 796 82
943 944 41
943 185 3
943 869 81
943 511 21
943 430 51
943 712 81
943 26 24
943 552 66
944 945 12
944 153 53
944 388 8
944 327 4
945 946 22
945 890 67
945 827 10
945 685 32
945 543 37
945 327 68
946 947 31
946 702 33
946 383 61
946 766 33
947 948 75
947 122 84
947 546 87
947 474 16
948 949 38
948 504 65
948 169 40
948 7 47
949 950 81
949 946 49
949 377 11
949 503 46
949 46 94
949 120 88
950 951 14
950 999 10
950 150 89
950 334 64
950 678 72
950 954 93
951 952 58
951 890 48
951 257 68
952 953 59
952 240 12
952 32 64
953 954 8
953 839 43
953 801 98
954 955 30
954 495 90
954 812 49
954 449 45
955 956 93
955 577 52
955 969 55
955 857 59
955 523 54
955 637 55
956 957 72
956 865 4
956 59 48
956 435 95
956 205 88
956 280 43
957 958 96
957 673 46
957 69 1
957 761 81
958 959 52
958 163 60
958 256 53
958 846 27
958 905 79
958 81 8
959 960 58
959 725 88
959 467 54
959 11 62
959 458 36
959 280 65
960 961 37
960 108 87
960 853 32
960 800 39
960 51 27
961 962 82
961 78 55
961 276 25
961 702 56
962 963 28
962 513 33
962 473 20
962 720 61
962 16 98
962 543 33
963 964 95
963 466 92
963 689 38
963 681 41
963 693 38
963 946 10
964 965 96
964 671 32
964 197 45
964 430 68
964 307 3
965 966 34
965 211 48
965 201 47
965 374 31
965 142 67
965 419 48
965 209 29
965 222 32
966 967 78
966 76 84
966 272 62
966 742 3
966 267 97
966 655 6
966 716 9
967 968 53
967 35 23
967 319 77
967 288 52
968 969 73
968 107 24
968 1000 35
968 926 52
968 106 16
969 970 78
969 51 75
969 677 50
970 971 35
970 724 88
970 698 44
970 229 90
971 972 71
971 284 78
971 7 61
971 366 78
971 910 50
971 934 67
971 695 75
971 907 5
972 973 96
972 419 13
972 358 71
972 108 58
973 974 98
973 829 6
973 108 10
973 640 48
973 626 73
974 975 87
974 213 10
974 669 11
974 695 66
974 622 25
974 583 94
974 137 93
975 976 99
975 696 4
975 139 33
975 961 36
975 246 16
975 218 11
975 185 67
975 259 9
975 559 55
975 550 23
975 707 1
976 977 98
976 763 22
976 457 20
976 638 51
976 983 8
977 978 86
977 574 33
977 656 84
977 735 87
977 388 95
977 549 19
977 523 73
977 332 79
977 171 85
977 732 43
977 217 42
978 979 35
978 302 96
978 249 41
978 155 99
979 980 82
979 559 73
980 981 44
980 81 99
981 982 73
981 379 14
982 983 66
982 883 14
982 277 7
982 854 40
982 881 88
983 984 79
983 181 88
983 930 1
983 641 73
984 985 96
984 583 58
984 822 20
984 573 92
984 34 23
984 476 76
984 282 83
984 359 10
985 986 97
985 345 9
985 881 77
985 916 59
986 987 40
986 413 43
986 67 31
986 23 56
986 330 36
986 840 39
986 692 43
987 988 16
987 444 37
987 340 64
987 234 91
988 989 25
988 559 56
988 930 34
988 413 23
988 578 86
988 580 7
989 990 25
989 769 76
989 264 2
989 351 32
989 122 84
989 95 73
989 112 46
989 488 22
990 991 99
990 434 49
991 992 73
991 944 60
991 155 72
991 546 65
991 768 53
992 993 53
992 248 14
992 637 11
992 615 9
992 807 14
993 994 100
993 968 1
993 6 31
993 264 47
993 726 48
994 995 86
994 269 67
994 644 98
994 12 32
994 96 86
994 887 56
995 996 53
995 903 33
995 279 74
996 997 50
996 190 96
996 302 78
997 998 92
997 439 98
997 141 84
997 819 44
997 683 46
997 243 4
998 999 45
998 762 94
998 70 93
998 551 45
999 1000 23
999 565 8
999 425 12
1000 943 19
1000 600 77
